  6.687302E-02    1.673924E-01    2.372494E-01    2.094317E-01    1.436140E-01    8.551267E-02    4.555515E-02    2.279593E-02    1.119223E-02    5.414968E-03    2.522095E-03    1.203833E-03    6.808019E-04    2.916222E-04    1.388414E-04    6.171084E-05    3.981133E-05    1.443316E-05    9.455191E-06    2.488228E-06    2.487634E-06    4.977350E-07    4.976283E-07    0.000000E+00
  1.273760E-01    1.547931E-01    1.580659E-01    1.856406E-01    2.061608E-01    2.472139E-01    2.842124E-01    3.237894E-01    3.546448E-01    3.956302E-01    4.292323E-01    4.702302E-01    5.496236E-01    5.156372E-01    5.612925E-01    5.591206E-01    6.070918E-01    5.218116E-01    5.741822E-01    5.413141E-01    6.351657E-01    6.258120E-01    6.166848E-01    5.291927E-01
  2.616048E-02    1.895858E-02    1.809096E-02    9.979476E-03    5.729926E-03    5.632334E-03    6.099433E-03    6.673412E-03    7.359764E-03    8.267249E-03    9.108930E-03    1.051858E-02    1.231775E-02    1.428268E-02    1.788306E-02    2.311258E-02    2.847289E-02    3.559423E-02    4.789053E-02    6.338798E-02    8.677830E-02    1.269729E-01    1.554201E-01    1.098149E-01
  2.503862E-13    2.108132E-13    2.138124E-13    1.207118E-13    7.081355E-14    7.027169E-14    7.641786E-14    8.396847E-14    9.340863E-14    1.055815E-13    1.164914E-13    1.343268E-13    1.570937E-13    1.819361E-13    2.277776E-13    2.943863E-13    3.626609E-13    4.533658E-13    6.099842E-13    8.073765E-13    1.105300E-12    1.616680E-12    1.977445E-12    1.397055E-12
  3.869787E-02    1.831758E-02    1.522665E-02    1.645915E-02    1.317102E-02    8.720814E-03    4.943203E-03    2.410417E-03    1.148866E-03    4.929998E-04    2.244910E-04    8.715532E-05    5.370176E-05    2.288928E-05    7.923211E-06    2.641070E-06    0.000000E+00    4.401784E-06    3.521427E-06    0.000000E+00    1.760714E-06    0.000000E+00    0.000000E+00    0.000000E+00
  0.000000E+00    7.237872E-02    2.874997E-02    1.281752E-02    1.237296E-02    9.897407E-03    5.897860E-03    2.763121E-03    1.198303E-03    5.175036E-04    2.230309E-04    8.585037E-05    3.422008E-05    1.951145E-05    9.005284E-06    4.202466E-06    2.101233E-06    2.101233E-06    9.005284E-07    0.000000E+00    0.000000E+00    6.003522E-07    0.000000E+00    0.000000E+00
  0.000000E+00    0.000000E+00    9.396358E-02    2.737710E-02    1.304026E-02    7.949746E-03    4.651054E-03    2.238697E-03    9.705077E-04    3.901047E-04    1.577197E-04    6.907230E-05    3.341757E-05    1.314331E-05    6.851301E-06    2.097337E-06    1.118580E-06    4.194674E-07    5.592898E-07    4.194674E-07    1.398225E-07    2.796449E-07    0.000000E+00    0.000000E+00
  0.000000E+00    0.000000E+00    0.000000E+00    1.300728E-01    2.871842E-02    9.152778E-03    6.681851E-03    3.750055E-03    1.538722E-03    5.729209E-04    2.353691E-04    1.042762E-04    4.336534E-05    1.864211E-05    7.476782E-06    4.186998E-06    2.193190E-06    1.993809E-07    3.987617E-07    5.981426E-07    2.990713E-07    9.969043E-08    0.000000E+00    0.000000E+00
  0.000000E+00    0.000000E+00    0.000000E+00    0.000000E+00    1.695070E-01    2.830411E-02    1.219080E-03    1.281839E-03    1.024962E-03    5.714807E-04    2.388574E-04    1.163840E-04    6.673592E-05    6.052215E-05    2.050545E-05    5.530258E-06    2.609785E-06    1.491306E-06    3.728264E-07    1.864132E-07    6.213773E-08    0.000000E+00    6.213773E-08    0.000000E+00
  0.000000E+00    0.000000E+00    0.000000E+00    0.000000E+00    0.000000E+00    2.102300E-01    3.278749E-02    2.931062E-04    1.372414E-04    6.259693E-05    3.162475E-05    1.440683E-05    4.568020E-06    1.254950E-06    4.517822E-07    3.513861E-07    1.505941E-07    2.007921E-07    0.000000E+00    0.000000E+00    0.000000E+00    0.000000E+00    0.000000E+00    0.000000E+00
  0.000000E+00    0.000000E+00    0.000000E+00    0.000000E+00    0.000000E+00    0.000000E+00    2.467088E-01    3.310814E-02    4.914875E-04    9.115096E-05    1.021600E-05    4.151707E-06    2.845552E-06    1.819287E-06    8.396711E-07    2.798904E-07    9.329678E-08    0.000000E+00    0.000000E+00    0.000000E+00    0.000000E+00    0.000000E+00    0.000000E+00    0.000000E+00
  0.000000E+00    0.000000E+00    0.000000E+00    0.000000E+00    0.000000E+00    0.000000E+00    0.000000E+00    2.875751E-01    3.124263E-02    3.073388E-04    1.244183E-04    4.875980E-05    1.786909E-05    6.891005E-06    1.758394E-06    8.554351E-07    3.326692E-07    1.425725E-07    0.000000E+00    4.752417E-08    0.000000E+00    0.000000E+00    0.000000E+00    0.000000E+00
  0.000000E+00    0.000000E+00    0.000000E+00    0.000000E+00    0.000000E+00    0.000000E+00    0.000000E+00    0.000000E+00    3.192775E-01    2.895965E-02    1.001686E-03    4.855412E-05    1.789919E-05    8.743856E-06    4.063321E-06    1.080123E-06    3.086067E-07    1.028689E-07    0.000000E+00    0.000000E+00    5.143445E-08    0.000000E+00    0.000000E+00    0.000000E+00
  0.000000E+00    0.000000E+00    0.000000E+00    0.000000E+00    0.000000E+00    0.000000E+00    0.000000E+00    0.000000E+00    0.000000E+00    3.594570E-01    2.781763E-02    9.866512E-04    4.802224E-04    1.915797E-04    5.961639E-06    2.111414E-06    8.694057E-07    1.863012E-07    1.242008E-07    0.000000E+00    0.000000E+00    0.000000E+00    0.000000E+00    0.000000E+00
  0.000000E+00    0.000000E+00    0.000000E+00    0.000000E+00    0.000000E+00    0.000000E+00    0.000000E+00    0.000000E+00    0.000000E+00    0.000000E+00    3.920058E-01    2.870191E-02    7.473074E-06    6.508807E-06    8.172168E-05    4.411524E-05    1.816037E-05    8.276630E-06    2.330313E-06    8.839120E-07    9.642676E-07    8.035564E-08    0.000000E+00    0.000000E+00
  0.000000E+00    0.000000E+00    0.000000E+00    0.000000E+00    0.000000E+00    0.000000E+00    0.000000E+00    0.000000E+00    0.000000E+00    0.000000E+00    0.000000E+00    4.295048E-01    3.060152E-02    2.543310E-04    4.746392E-05    0.000000E+00    0.000000E+00    0.000000E+00    0.000000E+00    0.000000E+00    0.000000E+00    0.000000E+00    0.000000E+00    0.000000E+00
  0.000000E+00    0.000000E+00    0.000000E+00    0.000000E+00    0.000000E+00    0.000000E+00    0.000000E+00    0.000000E+00    0.000000E+00    0.000000E+00    0.000000E+00    0.000000E+00    5.058318E-01    3.243335E-02    1.857362E-05    2.892613E-05    1.080924E-05    4.719527E-06    2.283642E-06    4.567284E-07    7.612140E-07    0.000000E+00    0.000000E+00    0.000000E+00
  0.000000E+00    0.000000E+00    0.000000E+00    0.000000E+00    0.000000E+00    0.000000E+00    0.000000E+00    0.000000E+00    0.000000E+00    0.000000E+00    0.000000E+00    0.000000E+00    0.000000E+00    4.691457E-01    3.275419E-02    0.000000E+00    0.000000E+00    0.000000E+00    0.000000E+00    0.000000E+00    0.000000E+00    0.000000E+00    0.000000E+00    0.000000E+00
  0.000000E+00    0.000000E+00    0.000000E+00    0.000000E+00    0.000000E+00    0.000000E+00    0.000000E+00    0.000000E+00    0.000000E+00    0.000000E+00    0.000000E+00    0.000000E+00    0.000000E+00    0.000000E+00    5.107261E-01    3.364189E-02    0.000000E+00    0.000000E+00    0.000000E+00    0.000000E+00    0.000000E+00    0.000000E+00    0.000000E+00    0.000000E+00
  0.000000E+00    0.000000E+00    0.000000E+00    0.000000E+00    0.000000E+00    0.000000E+00    0.000000E+00    0.000000E+00    0.000000E+00    0.000000E+00    0.000000E+00    0.000000E+00    0.000000E+00    0.000000E+00    0.000000E+00    5.073566E-01    3.200707E-02    0.000000E+00    0.000000E+00    0.000000E+00    0.000000E+00    0.000000E+00    0.000000E+00    0.000000E+00
  0.000000E+00    0.000000E+00    0.000000E+00    0.000000E+00    0.000000E+00    0.000000E+00    0.000000E+00    0.000000E+00    0.000000E+00    0.000000E+00    0.000000E+00    0.000000E+00    0.000000E+00    0.000000E+00    0.000000E+00    0.000000E+00    5.476397E-01    3.226179E-02    0.000000E+00    0.000000E+00    0.000000E+00    0.000000E+00    0.000000E+00    0.000000E+00
  0.000000E+00    0.000000E+00    0.000000E+00    0.000000E+00    0.000000E+00    0.000000E+00    0.000000E+00    0.000000E+00    0.000000E+00    0.000000E+00    0.000000E+00    0.000000E+00    0.000000E+00    0.000000E+00    0.000000E+00    0.000000E+00    0.000000E+00    4.621232E-01    2.706845E-02    0.000000E+00    0.000000E+00    0.000000E+00    0.000000E+00    0.000000E+00
  0.000000E+00    0.000000E+00    0.000000E+00    0.000000E+00    0.000000E+00    0.000000E+00    0.000000E+00    0.000000E+00    0.000000E+00    0.000000E+00    0.000000E+00    0.000000E+00    0.000000E+00    0.000000E+00    0.000000E+00    0.000000E+00    0.000000E+00    0.000000E+00    5.024548E-01    2.844410E-02    0.000000E+00    0.000000E+00    0.000000E+00    0.000000E+00
  0.000000E+00    0.000000E+00    0.000000E+00    0.000000E+00    0.000000E+00    0.000000E+00    0.000000E+00    0.000000E+00    0.000000E+00    0.000000E+00    0.000000E+00    0.000000E+00    0.000000E+00    0.000000E+00    0.000000E+00    0.000000E+00    0.000000E+00    0.000000E+00    0.000000E+00    4.611905E-01    2.971484E-02    0.000000E+00    0.000000E+00    0.000000E+00
  0.000000E+00    0.000000E+00    0.000000E+00    0.000000E+00    0.000000E+00    0.000000E+00    0.000000E+00    0.000000E+00    0.000000E+00    0.000000E+00    0.000000E+00    0.000000E+00    0.000000E+00    0.000000E+00    0.000000E+00    0.000000E+00    0.000000E+00    0.000000E+00    0.000000E+00    0.000000E+00    5.541232E-01    1.150825E-02    0.000000E+00    0.000000E+00
  0.000000E+00    0.000000E+00    0.000000E+00    0.000000E+00    0.000000E+00    0.000000E+00    0.000000E+00    0.000000E+00    0.000000E+00    0.000000E+00    0.000000E+00    0.000000E+00    0.000000E+00    0.000000E+00    0.000000E+00    0.000000E+00    0.000000E+00    0.000000E+00    0.000000E+00    0.000000E+00    0.000000E+00    5.151226E-01    3.893310E-03    0.000000E+00
  0.000000E+00    0.000000E+00    0.000000E+00    0.000000E+00    0.000000E+00    0.000000E+00    0.000000E+00    0.000000E+00    0.000000E+00    0.000000E+00    0.000000E+00    0.000000E+00    0.000000E+00    0.000000E+00    0.000000E+00    0.000000E+00    0.000000E+00    0.000000E+00    0.000000E+00    0.000000E+00    0.000000E+00    0.000000E+00    4.611556E-01    4.476186E-03
  0.000000E+00    0.000000E+00    0.000000E+00    0.000000E+00    0.000000E+00    0.000000E+00    0.000000E+00    0.000000E+00    0.000000E+00    0.000000E+00    0.000000E+00    0.000000E+00    0.000000E+00    0.000000E+00    0.000000E+00    0.000000E+00    0.000000E+00    0.000000E+00    0.000000E+00    0.000000E+00    0.000000E+00    0.000000E+00    1.094943E-03    4.489216E-01
  token
  0.000000E+00    0.000000E+00    0.000000E+00    7.038865E-02    1.553389E-01    1.868900E-01    2.257266E-01    1.286427E-01    8.495195E-02    6.553452E-02    3.640959E-02    2.669953E-02    1.456378E-02    0.000000E+00    4.853821E-03    0.000000E+00    0.000000E+00    0.000000E+00    0.000000E+00    0.000000E+00    0.000000E+00    0.000000E+00    0.000000E+00    0.000000E+00
  0.000000E+00    0.000000E+00    0.000000E+00    7.521459E-02    1.876041E-01    2.636746E-01    2.085458E-01    9.102617E-02    7.393276E-02    4.102579E-02    2.436005E-02    1.111248E-02    1.025695E-02    5.555638E-03    4.700051E-03    8.547404E-04    8.540775E-04    0.000000E+00    0.000000E+00    8.547042E-04    0.000000E+00    4.274161E-04    0.000000E+00    0.000000E+00
  0.000000E+00    0.000000E+00    1.741570E-03    3.874614E-02    1.932975E-01    2.490194E-01    2.107123E-01    1.362631E-01    8.184370E-02    3.613415E-02    2.002599E-02    1.480199E-02    8.272246E-03    3.918164E-03    1.306035E-03    8.708030E-04    1.306075E-03    0.000000E+00    8.702328E-04    4.353496E-04    4.352758E-04    0.000000E+00    0.000000E+00    0.000000E+00
  0.000000E+00    5.569156E-04    2.143979E-02    1.103987E-01    2.006126E-01    2.337477E-01    1.819557E-01    1.152710E-01    6.181325E-02    3.160248E-02    1.642727E-02    1.169489E-02    7.379239E-03    2.645289E-03    1.809975E-03    8.354028E-04    8.352820E-04    4.176674E-04    2.784208E-04    0.000000E+00    2.783031E-04    0.000000E+00    0.000000E+00    0.000000E+00
  0.000000E+00    4.149737E-04    2.282366E-02    8.215795E-02    1.647288E-01    2.377573E-01    1.875526E-01    1.369289E-01    7.966747E-02    4.107916E-02    1.576763E-02    1.078957E-02    9.958498E-03    3.734100E-03    2.489827E-03    1.659671E-03    1.659875E-03    4.149858E-04    4.150337E-04    0.000000E+00    0.000000E+00    0.000000E+00    0.000000E+00    0.000000E+00
  0.000000E+00    0.000000E+00    4.281602E-02    8.149290E-02    1.754207E-01    2.209932E-01    1.850771E-01    1.146360E-01    7.320567E-02    4.420094E-02    1.933564E-02    1.104944E-02    2.901013E-02    2.762181E-03    0.000000E+00    0.000000E+00    0.000000E+00    0.000000E+00    0.000000E+00    0.000000E+00    0.000000E+00    0.000000E+00    0.000000E+00    0.000000E+00
  3.358306E+09    2.590753E+09    2.050283E+09    1.594204E+09    1.222679E+09    9.892667E+08    7.529274E+08    5.924843E+08    4.627120E+08    3.589776E+08    2.808271E+08    2.154264E+08    1.706499E+08    1.341725E+08    1.034989E+08    8.034852E+07    6.224049E+07    4.918896E+07    3.808498E+07    2.987607E+07    2.068986E+07    1.200546E+07    5.068755E+06    2.034903E+06
  2.050327E-04    1.164521E-03    1.143112E-03    3.574661E-03    1.199342E-03    3.603085E-04
  1.264196E-02    3.204476E-02    1.135377E-01    3.148072E-01    1.326870E+00    9.593752E+00
