  6.427112E-02    1.662385E-01    2.320941E-01    2.092805E-01    1.468773E-01    8.738841E-02    4.681993E-02    2.419185E-02    1.222400E-02    5.155410E-03    2.962646E-03    1.423124E-03    5.832187E-04    2.332740E-04    1.399786E-04    6.998628E-05    2.332773E-05    0.000000E+00    0.000000E+00    0.000000E+00    2.333074E-05    0.000000E+00    0.000000E+00    0.000000E+00
  1.387066E-01    1.640511E-01    1.803860E-01    1.801710E-01    1.965259E-01    2.312999E-01    2.727280E-01    3.351321E-01    3.786191E-01    4.291650E-01    4.696619E-01    4.961234E-01    5.934464E-01    5.515639E-01    6.065310E-01    6.087812E-01    6.210883E-01    5.425717E-01    5.725599E-01    5.464556E-01    6.207129E-01    6.069826E-01    5.249711E-01    4.753167E-01
  4.432872E-02    2.976687E-02    2.723074E-02    6.948595E-03    4.044926E-04    1.342666E-04    1.257343E-04    1.348172E-04    1.488660E-04    1.659552E-04    1.816472E-04    2.091078E-04    2.432668E-04    2.856617E-04    3.534222E-04    4.558220E-04    5.716497E-04    7.427691E-04    1.078200E-03    1.273591E-03    1.847355E-03    2.945540E-03    4.517587E-03    2.754064E-03
  4.247259E-13    3.343605E-13    3.261776E-13    8.482586E-14    5.015688E-15    1.677187E-15    1.575814E-15    1.696861E-15    1.889435E-15    2.119394E-15    2.322828E-15    2.670177E-15    3.102514E-15    3.638779E-15    4.501550E-15    5.805833E-15    7.281137E-15    9.460499E-15    1.373245E-14    1.622181E-14    2.352987E-14    3.750167E-14    5.747652E-14    3.503693E-14
  3.402782E-02    1.243387E-02    1.760939E-02    1.902951E-02    1.694667E-02    1.423268E-02    7.921071E-03    4.702150E-03    1.451670E-03    9.151835E-04    2.840225E-04    1.577903E-04    1.262322E-04    0.000000E+00    0.000000E+00    0.000000E+00    0.000000E+00    0.000000E+00    0.000000E+00    0.000000E+00    0.000000E+00    0.000000E+00    0.000000E+00    0.000000E+00
  0.000000E+00    6.328723E-02    2.028221E-02    1.764573E-02    1.867333E-02    1.465634E-02    9.321097E-03    4.100037E-03    1.982550E-03    9.030462E-04    2.491162E-04    1.349379E-04    9.341857E-05    4.151936E-05    0.000000E+00    0.000000E+00    0.000000E+00    0.000000E+00    0.000000E+00    0.000000E+00    0.000000E+00    0.000000E+00    0.000000E+00    0.000000E+00
  0.000000E+00    0.000000E+00    9.458585E-02    2.408324E-02    2.056370E-02    1.445223E-02    8.722492E-03    3.912715E-03    1.881921E-03    6.909282E-04    2.977481E-04    1.145185E-04    6.107653E-05    1.908642E-05    7.634566E-06    3.817283E-06    0.000000E+00    0.000000E+00    0.000000E+00    0.000000E+00    0.000000E+00    0.000000E+00    0.000000E+00    0.000000E+00
  0.000000E+00    0.000000E+00    0.000000E+00    1.197271E-01    1.877546E-02    1.283119E-02    1.113470E-02    7.682717E-03    3.427069E-03    1.208782E-03    4.313334E-04    1.796130E-04    9.570620E-05    2.622088E-05    1.704357E-05    6.555219E-06    2.622088E-06    0.000000E+00    1.311044E-06    2.622088E-06    1.311044E-06    0.000000E+00    0.000000E+00    0.000000E+00
  0.000000E+00    0.000000E+00    0.000000E+00    0.000000E+00    1.655264E-01    2.153156E-02    1.632591E-03    1.845277E-03    1.463317E-03    8.762380E-04    3.970951E-04    1.879929E-04    8.881867E-05    5.974350E-05    2.429569E-05    6.372640E-06    2.389740E-06    7.965800E-07    3.982900E-07    3.982900E-07    0.000000E+00    0.000000E+00    0.000000E+00    0.000000E+00
  0.000000E+00    0.000000E+00    0.000000E+00    0.000000E+00    0.000000E+00    2.115727E-01    1.729760E-02    3.768343E-05    1.642997E-05    1.311383E-05    1.085283E-05    6.632283E-06    2.261006E-06    3.014674E-07    0.000000E+00    0.000000E+00    1.507337E-07    0.000000E+00    1.507337E-07    0.000000E+00    0.000000E+00    0.000000E+00    0.000000E+00    0.000000E+00
  0.000000E+00    0.000000E+00    0.000000E+00    0.000000E+00    0.000000E+00    0.000000E+00    2.509073E-01    1.908626E-02    3.455303E-04    1.205338E-05    2.714726E-06    3.257671E-07    0.000000E+00    3.257671E-07    2.171781E-07    0.000000E+00    0.000000E+00    0.000000E+00    0.000000E+00    0.000000E+00    0.000000E+00    0.000000E+00    0.000000E+00    0.000000E+00
  0.000000E+00    0.000000E+00    0.000000E+00    0.000000E+00    0.000000E+00    0.000000E+00    0.000000E+00    3.118241E-01    2.042986E-02    1.194429E-04    3.671143E-05    1.694374E-05    4.497412E-06    1.150501E-06    4.183639E-07    5.229548E-07    2.091819E-07    0.000000E+00    0.000000E+00    0.000000E+00    0.000000E+00    0.000000E+00    0.000000E+00    0.000000E+00
  0.000000E+00    0.000000E+00    0.000000E+00    0.000000E+00    0.000000E+00    0.000000E+00    0.000000E+00    0.000000E+00    3.552647E-01    1.804437E-02    1.827767E-03    4.270483E-06    2.785098E-07    2.785098E-07    2.785098E-07    1.856732E-07    0.000000E+00    0.000000E+00    0.000000E+00    0.000000E+00    0.000000E+00    0.000000E+00    0.000000E+00    0.000000E+00
  0.000000E+00    0.000000E+00    0.000000E+00    0.000000E+00    0.000000E+00    0.000000E+00    0.000000E+00    0.000000E+00    0.000000E+00    4.071002E-01    1.338590E-02    2.145829E-03    1.078868E-03    4.422923E-04    2.904086E-07    9.680288E-08    1.936058E-07    0.000000E+00    0.000000E+00    0.000000E+00    0.000000E+00    0.000000E+00    0.000000E+00    0.000000E+00
  0.000000E+00    0.000000E+00    0.000000E+00    0.000000E+00    0.000000E+00    0.000000E+00    0.000000E+00    0.000000E+00    0.000000E+00    0.000000E+00    4.480809E-01    1.352426E-02    5.011371E-06    2.326708E-05    1.678809E-04    8.388081E-05    3.388641E-05    1.252843E-05    3.340914E-06    2.386367E-06    5.965918E-07    1.193184E-07    0.000000E+00    0.000000E+00
  0.000000E+00    0.000000E+00    0.000000E+00    0.000000E+00    0.000000E+00    0.000000E+00    0.000000E+00    0.000000E+00    0.000000E+00    0.000000E+00    0.000000E+00    4.720662E-01    1.405286E-02    2.549527E-04    5.153913E-05    0.000000E+00    0.000000E+00    0.000000E+00    0.000000E+00    0.000000E+00    0.000000E+00    0.000000E+00    0.000000E+00    0.000000E+00
  0.000000E+00    0.000000E+00    0.000000E+00    0.000000E+00    0.000000E+00    0.000000E+00    0.000000E+00    0.000000E+00    0.000000E+00    0.000000E+00    0.000000E+00    0.000000E+00    5.650063E-01    1.673426E-02    1.597064E-05    3.559170E-05    1.095129E-05    3.422279E-06    9.126078E-07    6.844558E-07    4.563039E-07    0.000000E+00    0.000000E+00    0.000000E+00
  0.000000E+00    0.000000E+00    0.000000E+00    0.000000E+00    0.000000E+00    0.000000E+00    0.000000E+00    0.000000E+00    0.000000E+00    0.000000E+00    0.000000E+00    0.000000E+00    0.000000E+00    5.226380E-01    1.721190E-02    0.000000E+00    0.000000E+00    0.000000E+00    0.000000E+00    0.000000E+00    0.000000E+00    0.000000E+00    0.000000E+00    0.000000E+00
  0.000000E+00    0.000000E+00    0.000000E+00    0.000000E+00    0.000000E+00    0.000000E+00    0.000000E+00    0.000000E+00    0.000000E+00    0.000000E+00    0.000000E+00    0.000000E+00    0.000000E+00    0.000000E+00    5.731484E-01    1.924331E-02    0.000000E+00    0.000000E+00    0.000000E+00    0.000000E+00    0.000000E+00    0.000000E+00    0.000000E+00    0.000000E+00
  0.000000E+00    0.000000E+00    0.000000E+00    0.000000E+00    0.000000E+00    0.000000E+00    0.000000E+00    0.000000E+00    0.000000E+00    0.000000E+00    0.000000E+00    0.000000E+00    0.000000E+00    0.000000E+00    0.000000E+00    5.737643E-01    1.812885E-02    0.000000E+00    0.000000E+00    0.000000E+00    0.000000E+00    0.000000E+00    0.000000E+00    0.000000E+00
  0.000000E+00    0.000000E+00    0.000000E+00    0.000000E+00    0.000000E+00    0.000000E+00    0.000000E+00    0.000000E+00    0.000000E+00    0.000000E+00    0.000000E+00    0.000000E+00    0.000000E+00    0.000000E+00    0.000000E+00    0.000000E+00    5.843792E-01    1.933774E-02    0.000000E+00    0.000000E+00    0.000000E+00    0.000000E+00    0.000000E+00    0.000000E+00
  0.000000E+00    0.000000E+00    0.000000E+00    0.000000E+00    0.000000E+00    0.000000E+00    0.000000E+00    0.000000E+00    0.000000E+00    0.000000E+00    0.000000E+00    0.000000E+00    0.000000E+00    0.000000E+00    0.000000E+00    0.000000E+00    0.000000E+00    5.089818E-01    1.412741E-02    0.000000E+00    0.000000E+00    0.000000E+00    0.000000E+00    0.000000E+00
  0.000000E+00    0.000000E+00    0.000000E+00    0.000000E+00    0.000000E+00    0.000000E+00    0.000000E+00    0.000000E+00    0.000000E+00    0.000000E+00    0.000000E+00    0.000000E+00    0.000000E+00    0.000000E+00    0.000000E+00    0.000000E+00    0.000000E+00    0.000000E+00    5.323342E-01    1.613005E-02    0.000000E+00    0.000000E+00    0.000000E+00    0.000000E+00
  0.000000E+00    0.000000E+00    0.000000E+00    0.000000E+00    0.000000E+00    0.000000E+00    0.000000E+00    0.000000E+00    0.000000E+00    0.000000E+00    0.000000E+00    0.000000E+00    0.000000E+00    0.000000E+00    0.000000E+00    0.000000E+00    0.000000E+00    0.000000E+00    0.000000E+00    5.064693E-01    1.692948E-02    0.000000E+00    0.000000E+00    0.000000E+00
  0.000000E+00    0.000000E+00    0.000000E+00    0.000000E+00    0.000000E+00    0.000000E+00    0.000000E+00    0.000000E+00    0.000000E+00    0.000000E+00    0.000000E+00    0.000000E+00    0.000000E+00    0.000000E+00    0.000000E+00    0.000000E+00    0.000000E+00    0.000000E+00    0.000000E+00    0.000000E+00    5.836540E-01    8.089896E-03    0.000000E+00    0.000000E+00
  0.000000E+00    0.000000E+00    0.000000E+00    0.000000E+00    0.000000E+00    0.000000E+00    0.000000E+00    0.000000E+00    0.000000E+00    0.000000E+00    0.000000E+00    0.000000E+00    0.000000E+00    0.000000E+00    0.000000E+00    0.000000E+00    0.000000E+00    0.000000E+00    0.000000E+00    0.000000E+00    0.000000E+00    5.602982E-01    1.863608E-03    0.000000E+00
  0.000000E+00    0.000000E+00    0.000000E+00    0.000000E+00    0.000000E+00    0.000000E+00    0.000000E+00    0.000000E+00    0.000000E+00    0.000000E+00    0.000000E+00    0.000000E+00    0.000000E+00    0.000000E+00    0.000000E+00    0.000000E+00    0.000000E+00    0.000000E+00    0.000000E+00    0.000000E+00    0.000000E+00    0.000000E+00    4.804527E-01    1.853417E-03
  0.000000E+00    0.000000E+00    0.000000E+00    0.000000E+00    0.000000E+00    0.000000E+00    0.000000E+00    0.000000E+00    0.000000E+00    0.000000E+00    0.000000E+00    0.000000E+00    0.000000E+00    0.000000E+00    0.000000E+00    0.000000E+00    0.000000E+00    0.000000E+00    0.000000E+00    0.000000E+00    0.000000E+00    0.000000E+00    1.136401E-03    4.511717E-01
  token
  0.000000E+00    0.000000E+00    0.000000E+00    0.000000E+00    0.000000E+00    2.857063E-01    1.428507E-01    1.428854E-01    0.000000E+00    2.856991E-01    1.428585E-01    0.000000E+00    0.000000E+00    0.000000E+00    0.000000E+00    0.000000E+00    0.000000E+00    0.000000E+00    0.000000E+00    0.000000E+00    0.000000E+00    0.000000E+00    0.000000E+00    0.000000E+00
  0.000000E+00    0.000000E+00    0.000000E+00    6.173445E-02    1.851904E-01    3.209806E-01    2.222176E-01    4.938486E-02    7.406987E-02    4.938740E-02    2.468821E-02    1.234663E-02    0.000000E+00    0.000000E+00    0.000000E+00    0.000000E+00    0.000000E+00    0.000000E+00    0.000000E+00    0.000000E+00    0.000000E+00    0.000000E+00    0.000000E+00    0.000000E+00
  0.000000E+00    0.000000E+00    0.000000E+00    4.412247E-02    1.911705E-01    3.529541E-01    1.470532E-01    1.470672E-01    2.939132E-02    4.411765E-02    2.941594E-02    1.470774E-02    0.000000E+00    0.000000E+00    0.000000E+00    0.000000E+00    0.000000E+00    0.000000E+00    0.000000E+00    0.000000E+00    0.000000E+00    0.000000E+00    0.000000E+00    0.000000E+00
  0.000000E+00    0.000000E+00    4.419896E-03    1.150682E-01    1.681432E-01    2.344939E-01    2.035465E-01    1.150442E-01    7.079366E-02    3.539430E-02    1.326926E-02    2.212601E-02    8.849789E-03    4.425944E-03    0.000000E+00    0.000000E+00    0.000000E+00    0.000000E+00    0.000000E+00    0.000000E+00    4.425092E-03    0.000000E+00    0.000000E+00    0.000000E+00
  0.000000E+00    0.000000E+00    2.352976E-02    1.058774E-01    7.060560E-02    1.999950E-01    2.235405E-01    1.647042E-01    1.411583E-01    3.529072E-02    0.000000E+00    2.353083E-02    1.176773E-02    0.000000E+00    0.000000E+00    0.000000E+00    0.000000E+00    0.000000E+00    0.000000E+00    0.000000E+00    0.000000E+00    0.000000E+00    0.000000E+00    0.000000E+00
  0.000000E+00    0.000000E+00    3.703435E-02    1.481255E-01    1.111113E-01    2.222345E-01    1.481494E-01    1.481467E-01    7.407907E-02    7.407519E-02    3.704399E-02    0.000000E+00    0.000000E+00    0.000000E+00    0.000000E+00    0.000000E+00    0.000000E+00    0.000000E+00    0.000000E+00    0.000000E+00    0.000000E+00    0.000000E+00    0.000000E+00    0.000000E+00
  3.372339E+09    2.585987E+09    2.028620E+09    1.560723E+09    1.218671E+09    9.714379E+08    7.530902E+08    5.901379E+08    4.622173E+08    3.571374E+08    2.807634E+08    2.133985E+08    1.714629E+08    1.349337E+08    1.033930E+08    8.004296E+07    6.163462E+07    4.917197E+07    3.785093E+07    2.983721E+07    2.017410E+07    1.163811E+07    5.051105E+06    1.855331E+06
  1.633117E-04    1.889474E-03    1.586309E-03    5.272373E-03    1.982823E-03    6.298828E-04
  1.441543E-02    2.380288E-02    1.104494E-01    3.217558E-01    1.520602E+00    9.817189E+00
