  6.665115E-02    1.671507E-01    2.372961E-01    2.097545E-01    1.434527E-01    8.546153E-02    4.573888E-02    2.286509E-02    1.125355E-02    5.357553E-03    2.573762E-03    1.268150E-03    6.260750E-04    2.835864E-04    1.338037E-04    6.666888E-05    3.196418E-05    1.461248E-05    1.324342E-05    3.196270E-06    2.283294E-06    9.134833E-07    0.000000E+00    0.000000E+00
  1.271766E-01    1.544285E-01    1.582210E-01    1.855503E-01    2.062913E-01    2.465323E-01    2.841699E-01    3.236868E-01    3.546877E-01    3.955004E-01    4.291320E-01    4.697893E-01    5.497417E-01    5.152605E-01    5.609871E-01    5.587365E-01    6.091644E-01    5.198254E-01    5.776882E-01    5.397137E-01    6.343031E-01    6.173578E-01    5.960103E-01    5.380318E-01
  2.614436E-02    1.895951E-02    1.809370E-02    9.995761E-03    5.729583E-03    5.631435E-03    6.099725E-03    6.673356E-03    7.358436E-03    8.264811E-03    9.107732E-03    1.051256E-02    1.231906E-02    1.427922E-02    1.787092E-02    2.309423E-02    2.840865E-02    3.548688E-02    4.749541E-02    6.318857E-02    8.561891E-02    1.238925E-01    1.428424E-01    1.099315E-01
  2.502055E-13    2.108123E-13    2.138255E-13    1.209069E-13    7.080931E-14    7.025968E-14    7.642166E-14    8.396770E-14    9.339056E-14    1.055494E-13    1.164761E-13    1.342504E-13    1.571100E-13    1.818921E-13    2.276230E-13    2.941526E-13    3.618427E-13    4.519984E-13    6.049516E-13    8.048367E-13    1.090533E-12    1.577494E-12    1.817424E-12    1.398538E-12
  3.801392E-02    1.819635E-02    1.505123E-02    1.632684E-02    1.305152E-02    8.586912E-03    4.913703E-03    2.452463E-03    1.116152E-03    4.205685E-04    2.143071E-04    1.053250E-04    4.242257E-05    2.559982E-05    1.023993E-05    5.119965E-06    5.119965E-06    1.462847E-06    7.314235E-07    0.000000E+00    0.000000E+00    0.000000E+00    0.000000E+00    0.000000E+00
  0.000000E+00    7.188263E-02    2.851071E-02    1.296995E-02    1.239303E-02    9.743704E-03    5.921473E-03    2.736113E-03    1.219311E-03    5.099485E-04    2.084443E-04    9.356163E-05    4.389621E-05    2.056851E-05    1.128760E-05    4.013368E-06    2.257519E-06    7.525064E-07    2.508355E-07    0.000000E+00    2.508355E-07    2.508355E-07    0.000000E+00    0.000000E+00
  0.000000E+00    0.000000E+00    9.383597E-02    2.746115E-02    1.306765E-02    7.915934E-03    4.591595E-03    2.208390E-03    9.613007E-04    4.075027E-04    1.573927E-04    7.111907E-05    2.935451E-05    1.372264E-05    5.847037E-06    2.625200E-06    1.073946E-06    5.966365E-07    2.386546E-07    1.193273E-07    0.000000E+00    2.386546E-07    0.000000E+00    0.000000E+00
  0.000000E+00    0.000000E+00    0.000000E+00    1.297704E-01    2.863991E-02    9.134096E-03    6.689646E-03    3.787331E-03    1.526045E-03    5.950436E-04    2.408818E-04    1.064642E-04    4.400061E-05    1.708259E-05    9.058949E-06    4.054958E-06    1.035308E-06    1.121584E-06    5.176542E-07    8.627571E-08    2.588271E-07    0.000000E+00    0.000000E+00    8.627571E-08
  0.000000E+00    0.000000E+00    0.000000E+00    0.000000E+00    1.696736E-01    2.826898E-02    1.225857E-03    1.281103E-03    1.031848E-03    5.767753E-04    2.386395E-04    1.202405E-04    7.024862E-05    5.995777E-05    2.004008E-05    6.282837E-06    2.383145E-06    1.191573E-06    7.582735E-07    5.416239E-08    3.249743E-07    0.000000E+00    0.000000E+00    0.000000E+00
  0.000000E+00    0.000000E+00    0.000000E+00    0.000000E+00    0.000000E+00    2.099832E-01    3.237638E-02    2.988253E-04    1.370492E-04    6.510395E-05    3.286497E-05    1.390613E-05    5.768138E-06    2.280427E-06    8.048565E-07    5.365710E-07    4.024282E-07    1.788570E-07    4.471425E-08    0.000000E+00    0.000000E+00    0.000000E+00    0.000000E+00    0.000000E+00
  0.000000E+00    0.000000E+00    0.000000E+00    0.000000E+00    0.000000E+00    0.000000E+00    2.464068E-01    3.315082E-02    4.874167E-04    8.959466E-05    9.829479E-06    4.099102E-06    3.555344E-06    1.714930E-06    7.110687E-07    2.927930E-07    1.254827E-07    0.000000E+00    0.000000E+00    0.000000E+00    0.000000E+00    4.182757E-08    0.000000E+00    0.000000E+00
  0.000000E+00    0.000000E+00    0.000000E+00    0.000000E+00    0.000000E+00    0.000000E+00    0.000000E+00    2.874853E-01    3.114575E-02    2.963647E-04    1.244282E-04    4.157497E-05    1.644351E-05    7.247013E-06    2.373291E-06    1.483307E-06    2.966613E-07    1.271406E-07    4.238019E-08    0.000000E+00    4.238019E-08    0.000000E+00    0.000000E+00    0.000000E+00
  0.000000E+00    0.000000E+00    0.000000E+00    0.000000E+00    0.000000E+00    0.000000E+00    0.000000E+00    0.000000E+00    3.193003E-01    2.896909E-02    9.974062E-04    4.937700E-05    1.788821E-05    8.114241E-06    4.103224E-06    1.106487E-06    5.993474E-07    1.844146E-07    2.305182E-07    4.610364E-08    0.000000E+00    0.000000E+00    0.000000E+00    0.000000E+00
  0.000000E+00    0.000000E+00    0.000000E+00    0.000000E+00    0.000000E+00    0.000000E+00    0.000000E+00    0.000000E+00    0.000000E+00    3.597517E-01    2.752459E-02    9.913318E-04    4.843982E-04    1.857766E-04    6.670916E-06    2.578674E-06    4.484650E-07    2.242325E-07    0.000000E+00    0.000000E+00    0.000000E+00    0.000000E+00    0.000000E+00    0.000000E+00
  0.000000E+00    0.000000E+00    0.000000E+00    0.000000E+00    0.000000E+00    0.000000E+00    0.000000E+00    0.000000E+00    0.000000E+00    0.000000E+00    3.918361E-01    2.851781E-02    7.788801E-06    8.229676E-06    8.398678E-05    4.592453E-05    1.587152E-05    6.098778E-06    1.836981E-06    5.143548E-07    4.408755E-07    0.000000E+00    0.000000E+00    0.000000E+00
  0.000000E+00    0.000000E+00    0.000000E+00    0.000000E+00    0.000000E+00    0.000000E+00    0.000000E+00    0.000000E+00    0.000000E+00    0.000000E+00    0.000000E+00    4.293547E-01    3.013805E-02    2.681654E-04    4.702793E-05    0.000000E+00    0.000000E+00    0.000000E+00    0.000000E+00    0.000000E+00    0.000000E+00    0.000000E+00    0.000000E+00    0.000000E+00
  0.000000E+00    0.000000E+00    0.000000E+00    0.000000E+00    0.000000E+00    0.000000E+00    0.000000E+00    0.000000E+00    0.000000E+00    0.000000E+00    0.000000E+00    0.000000E+00    5.053363E-01    3.262467E-02    1.721931E-05    3.302720E-05    1.284391E-05    3.528547E-06    2.117128E-06    1.270277E-06    7.057095E-07    1.411419E-07    0.000000E+00    0.000000E+00
  0.000000E+00    0.000000E+00    0.000000E+00    0.000000E+00    0.000000E+00    0.000000E+00    0.000000E+00    0.000000E+00    0.000000E+00    0.000000E+00    0.000000E+00    0.000000E+00    0.000000E+00    4.692772E-01    3.278953E-02    0.000000E+00    0.000000E+00    0.000000E+00    0.000000E+00    0.000000E+00    0.000000E+00    0.000000E+00    0.000000E+00    0.000000E+00
  0.000000E+00    0.000000E+00    0.000000E+00    0.000000E+00    0.000000E+00    0.000000E+00    0.000000E+00    0.000000E+00    0.000000E+00    0.000000E+00    0.000000E+00    0.000000E+00    0.000000E+00    0.000000E+00    5.113282E-01    3.315610E-02    0.000000E+00    0.000000E+00    0.000000E+00    0.000000E+00    0.000000E+00    0.000000E+00    0.000000E+00    0.000000E+00
  0.000000E+00    0.000000E+00    0.000000E+00    0.000000E+00    0.000000E+00    0.000000E+00    0.000000E+00    0.000000E+00    0.000000E+00    0.000000E+00    0.000000E+00    0.000000E+00    0.000000E+00    0.000000E+00    0.000000E+00    5.065658E-01    3.148043E-02    0.000000E+00    0.000000E+00    0.000000E+00    0.000000E+00    0.000000E+00    0.000000E+00    0.000000E+00
  0.000000E+00    0.000000E+00    0.000000E+00    0.000000E+00    0.000000E+00    0.000000E+00    0.000000E+00    0.000000E+00    0.000000E+00    0.000000E+00    0.000000E+00    0.000000E+00    0.000000E+00    0.000000E+00    0.000000E+00    0.000000E+00    5.499128E-01    3.135235E-02    0.000000E+00    0.000000E+00    0.000000E+00    0.000000E+00    0.000000E+00    0.000000E+00
  0.000000E+00    0.000000E+00    0.000000E+00    0.000000E+00    0.000000E+00    0.000000E+00    0.000000E+00    0.000000E+00    0.000000E+00    0.000000E+00    0.000000E+00    0.000000E+00    0.000000E+00    0.000000E+00    0.000000E+00    0.000000E+00    0.000000E+00    4.608011E-01    2.647081E-02    9.971299E-07    0.000000E+00    0.000000E+00    0.000000E+00    0.000000E+00
  0.000000E+00    0.000000E+00    0.000000E+00    0.000000E+00    0.000000E+00    0.000000E+00    0.000000E+00    0.000000E+00    0.000000E+00    0.000000E+00    0.000000E+00    0.000000E+00    0.000000E+00    0.000000E+00    0.000000E+00    0.000000E+00    0.000000E+00    0.000000E+00    5.089830E-01    2.693415E-02    0.000000E+00    0.000000E+00    0.000000E+00    0.000000E+00
  0.000000E+00    0.000000E+00    0.000000E+00    0.000000E+00    0.000000E+00    0.000000E+00    0.000000E+00    0.000000E+00    0.000000E+00    0.000000E+00    0.000000E+00    0.000000E+00    0.000000E+00    0.000000E+00    0.000000E+00    0.000000E+00    0.000000E+00    0.000000E+00    0.000000E+00    4.622397E-01    2.879860E-02    0.000000E+00    0.000000E+00    0.000000E+00
  0.000000E+00    0.000000E+00    0.000000E+00    0.000000E+00    0.000000E+00    0.000000E+00    0.000000E+00    0.000000E+00    0.000000E+00    0.000000E+00    0.000000E+00    0.000000E+00    0.000000E+00    0.000000E+00    0.000000E+00    0.000000E+00    0.000000E+00    0.000000E+00    0.000000E+00    0.000000E+00    5.548870E-01    9.844900E-03    0.000000E+00    0.000000E+00
  0.000000E+00    0.000000E+00    0.000000E+00    0.000000E+00    0.000000E+00    0.000000E+00    0.000000E+00    0.000000E+00    0.000000E+00    0.000000E+00    0.000000E+00    0.000000E+00    0.000000E+00    0.000000E+00    0.000000E+00    0.000000E+00    0.000000E+00    0.000000E+00    0.000000E+00    0.000000E+00    0.000000E+00    5.099773E-01    3.488261E-03    0.000000E+00
  0.000000E+00    0.000000E+00    0.000000E+00    0.000000E+00    0.000000E+00    0.000000E+00    0.000000E+00    0.000000E+00    0.000000E+00    0.000000E+00    0.000000E+00    0.000000E+00    0.000000E+00    0.000000E+00    0.000000E+00    0.000000E+00    0.000000E+00    0.000000E+00    0.000000E+00    0.000000E+00    0.000000E+00    0.000000E+00    4.673064E-01    7.208752E-03
  0.000000E+00    0.000000E+00    0.000000E+00    0.000000E+00    0.000000E+00    0.000000E+00    0.000000E+00    0.000000E+00    0.000000E+00    0.000000E+00    0.000000E+00    0.000000E+00    0.000000E+00    0.000000E+00    0.000000E+00    0.000000E+00    0.000000E+00    0.000000E+00    0.000000E+00    0.000000E+00    0.000000E+00    0.000000E+00    8.728693E-04    4.810762E-01
  token
  0.000000E+00    0.000000E+00    0.000000E+00    4.228195E-02    1.226296E-01    2.114098E-01    2.663842E-01    1.289623E-01    8.033682E-02    6.976905E-02    3.171364E-02    2.536929E-02    1.057157E-02    1.057180E-02    0.000000E+00    0.000000E+00    0.000000E+00    0.000000E+00    0.000000E+00    0.000000E+00    0.000000E+00    0.000000E+00    0.000000E+00    0.000000E+00
  0.000000E+00    0.000000E+00    3.756749E-04    6.807091E-02    1.940568E-01    2.786755E-01    1.978185E-01    7.634609E-02    8.349063E-02    4.513118E-02    2.331587E-02    1.316313E-02    8.273487E-03    6.017273E-03    3.008666E-03    1.128227E-03    7.519894E-04    3.761365E-04    0.000000E+00    0.000000E+00    0.000000E+00    0.000000E+00    0.000000E+00    0.000000E+00
  0.000000E+00    0.000000E+00    2.290828E-03    3.741889E-02    2.008394E-01    2.562060E-01    2.031310E-01    1.198912E-01    8.858153E-02    3.627456E-02    2.061841E-02    1.756605E-02    8.018039E-03    3.436787E-03    3.054814E-03    1.145160E-03    7.636432E-04    0.000000E+00    3.818080E-04    0.000000E+00    0.000000E+00    3.818668E-04    0.000000E+00    0.000000E+00
  0.000000E+00    0.000000E+00    1.970240E-02    1.092103E-01    2.015918E-01    2.403460E-01    1.760173E-01    1.149524E-01    6.315208E-02    3.105477E-02    1.957311E-02    9.134135E-03    7.567618E-03    3.000927E-03    1.957215E-03    5.217545E-04    1.304615E-03    2.609438E-04    3.915054E-04    1.304809E-04    1.305210E-04    0.000000E+00    0.000000E+00    0.000000E+00
  0.000000E+00    1.155732E-03    2.234336E-02    8.127760E-02    1.760401E-01    2.249635E-01    1.902932E-01    1.290410E-01    7.588591E-02    4.737993E-02    2.196032E-02    1.194049E-02    1.078513E-02    3.852366E-03    1.155572E-03    1.155664E-03    3.852507E-04    3.849159E-04    0.000000E+00    0.000000E+00    0.000000E+00    0.000000E+00    0.000000E+00    0.000000E+00
  0.000000E+00    1.173898E-03    3.168896E-02    9.390572E-02    1.584431E-01    2.218256E-01    2.042270E-01    1.232420E-01    7.394354E-02    3.873142E-02    1.525939E-02    7.042884E-03    2.230008E-02    7.042795E-03    1.173664E-03    0.000000E+00    0.000000E+00    0.000000E+00    0.000000E+00    0.000000E+00    0.000000E+00    0.000000E+00    0.000000E+00    0.000000E+00
  3.358003E+09    2.591096E+09    2.051539E+09    1.594674E+09    1.222744E+09    9.897515E+08    7.527957E+08    5.924886E+08    4.628886E+08    3.591691E+08    2.809004E+08    2.155513E+08    1.705720E+08    1.341867E+08    1.035524E+08    8.041444E+07    6.233176E+07    4.924428E+07    3.818730E+07    2.993002E+07    2.087284E+07    1.217593E+07    4.940391E+06    1.981271E+06
  2.160003E-04    1.214271E-03    1.195993E-03    3.499871E-03    1.185499E-03    3.890726E-04
  1.196609E-02    3.084563E-02    1.092650E-01    3.248632E-01    1.367695E+00    9.031470E+00
