  6.658179E-02    1.673409E-01    2.372960E-01    2.098578E-01    1.432449E-01    8.561369E-02    4.547658E-02    2.289406E-02    1.131816E-02    5.419348E-03    2.517925E-03    1.267720E-03    6.215590E-04    2.842855E-04    1.395350E-04    6.006598E-05    3.021919E-05    1.902591E-05    8.207965E-06    2.984714E-06    4.104122E-06    1.119242E-06    0.000000E+00    0.000000E+00
  1.270905E-01    1.544347E-01    1.580775E-01    1.856647E-01    2.063016E-01    2.474118E-01    2.834712E-01    3.229634E-01    3.533213E-01    3.945302E-01    4.287511E-01    4.632647E-01    5.491282E-01    5.144006E-01    5.615781E-01    5.578760E-01    6.062965E-01    5.222329E-01    5.828100E-01    5.417039E-01    6.286184E-01    6.269502E-01    6.110757E-01    5.363909E-01
  2.613878E-02    1.895759E-02    1.809107E-02    9.943056E-03    5.730855E-03    5.633039E-03    6.097944E-03    6.672858E-03    7.353509E-03    8.264022E-03    9.104794E-03    1.053260E-02    1.231298E-02    1.428252E-02    1.791331E-02    2.313250E-02    2.861018E-02    3.565365E-02    4.790053E-02    6.341457E-02    8.823074E-02    1.302262E-01    1.535109E-01    1.230100E-01
  2.501635E-13    2.108115E-13    2.138091E-13    1.202766E-13    7.082512E-14    7.028070E-14    7.639844E-14    8.396101E-14    9.332344E-14    1.055391E-13    1.164389E-13    1.345038E-13    1.570333E-13    1.819341E-13    2.281630E-13    2.946400E-13    3.644096E-13    4.541225E-13    6.101117E-13    8.077152E-13    1.123800E-12    1.658044E-12    1.953134E-12    1.564921E-12
  3.821500E-02    1.809160E-02    1.533429E-02    1.653825E-02    1.313040E-02    8.652048E-03    5.028278E-03    2.335256E-03    1.104041E-03    4.458089E-04    2.208082E-04    1.020190E-04    4.961197E-05    1.397520E-05    7.686361E-06    3.493801E-06    1.397520E-06    1.397520E-06    1.397520E-06    6.987601E-07    0.000000E+00    0.000000E+00    0.000000E+00    0.000000E+00
  0.000000E+00    7.229983E-02    2.871399E-02    1.274252E-02    1.246534E-02    9.820662E-03    5.904987E-03    2.738985E-03    1.190332E-03    5.112709E-04    2.139870E-04    9.574361E-05    4.140911E-05    1.986680E-05    9.095643E-06    3.829745E-06    1.675513E-06    4.787181E-07    4.787181E-07    2.393590E-07    9.574361E-07    2.393590E-07    0.000000E+00    0.000000E+00
  0.000000E+00    0.000000E+00    9.379770E-02    2.753536E-02    1.298291E-02    7.881443E-03    4.610395E-03    2.203907E-03    9.470983E-04    3.922474E-04    1.531707E-04    6.636650E-05    3.200415E-05    1.493527E-05    5.390173E-06    3.031972E-06    2.582791E-06    6.737716E-07    3.368858E-07    4.491811E-07    3.368858E-07    0.000000E+00    0.000000E+00    0.000000E+00
  0.000000E+00    0.000000E+00    0.000000E+00    1.298091E-01    2.893398E-02    9.073723E-03    6.697453E-03    3.760689E-03    1.517998E-03    5.769933E-04    2.436793E-04    1.018503E-04    4.434138E-05    1.975135E-05    7.932269E-06    4.362748E-06    1.665777E-06    7.139042E-07    5.552588E-07    5.552588E-07    4.759361E-07    7.932269E-08    7.932269E-08    0.000000E+00
  0.000000E+00    0.000000E+00    0.000000E+00    0.000000E+00    1.693522E-01    2.867066E-02    1.243892E-03    1.290386E-03    1.021186E-03    5.757728E-04    2.411955E-04    1.164562E-04    6.744795E-05    5.507264E-05    2.075701E-05    5.522055E-06    2.021466E-06    1.429818E-06    5.916487E-07    1.479122E-07    1.479122E-07    0.000000E+00    0.000000E+00    0.000000E+00
  0.000000E+00    0.000000E+00    0.000000E+00    0.000000E+00    0.000000E+00    2.102450E-01    3.304409E-02    2.971435E-04    1.397363E-04    6.237255E-05    3.239023E-05    1.433093E-05    4.427441E-06    1.825349E-06    8.155813E-07    2.330232E-07    1.553488E-07    7.767441E-08    7.767441E-08    7.767441E-08    0.000000E+00    0.000000E+00    0.000000E+00    0.000000E+00
  0.000000E+00    0.000000E+00    0.000000E+00    0.000000E+00    0.000000E+00    0.000000E+00    2.465846E-01    3.252282E-02    4.874738E-04    8.982592E-05    1.043163E-05    4.023119E-06    3.026240E-06    1.530921E-06    6.052480E-07    1.424113E-07    1.780141E-07    0.000000E+00    0.000000E+00    0.000000E+00    0.000000E+00    0.000000E+00    0.000000E+00    0.000000E+00
  0.000000E+00    0.000000E+00    0.000000E+00    0.000000E+00    0.000000E+00    0.000000E+00    0.000000E+00    2.871801E-01    3.077360E-02    2.964003E-04    1.232511E-04    4.541617E-05    1.587325E-05    7.507114E-06    2.577069E-06    1.157814E-06    2.987906E-07    7.469765E-08    0.000000E+00    3.734883E-08    0.000000E+00    0.000000E+00    0.000000E+00    0.000000E+00
  0.000000E+00    0.000000E+00    0.000000E+00    0.000000E+00    0.000000E+00    0.000000E+00    0.000000E+00    0.000000E+00    3.188224E-01    2.824642E-02    9.630201E-04    4.626609E-05    1.777319E-05    8.647495E-06    4.064721E-06    1.115806E-06    3.586519E-07    7.970041E-08    0.000000E+00    0.000000E+00    0.000000E+00    0.000000E+00    0.000000E+00    0.000000E+00
  0.000000E+00    0.000000E+00    0.000000E+00    0.000000E+00    0.000000E+00    0.000000E+00    0.000000E+00    0.000000E+00    0.000000E+00    3.589224E-01    2.743632E-02    9.867940E-04    4.767402E-04    1.910234E-04    6.739738E-06    2.310767E-06    1.925640E-07    3.851279E-07    4.814099E-08    4.814099E-08    0.000000E+00    0.000000E+00    0.000000E+00    0.000000E+00
  0.000000E+00    0.000000E+00    0.000000E+00    0.000000E+00    0.000000E+00    0.000000E+00    0.000000E+00    0.000000E+00    0.000000E+00    0.000000E+00    3.925075E-01    2.794098E-02    6.350453E-06    8.573112E-06    7.696749E-05    4.388163E-05    1.835281E-05    5.969426E-06    1.905136E-06    6.350453E-07    8.255589E-07    6.350453E-08    0.000000E+00    0.000000E+00
  0.000000E+00    0.000000E+00    0.000000E+00    0.000000E+00    0.000000E+00    0.000000E+00    0.000000E+00    0.000000E+00    0.000000E+00    0.000000E+00    0.000000E+00    4.221610E-01    3.089980E-02    2.658630E-04    4.686075E-05    0.000000E+00    0.000000E+00    0.000000E+00    0.000000E+00    0.000000E+00    0.000000E+00    0.000000E+00    0.000000E+00    0.000000E+00
  0.000000E+00    0.000000E+00    0.000000E+00    0.000000E+00    0.000000E+00    0.000000E+00    0.000000E+00    0.000000E+00    0.000000E+00    0.000000E+00    0.000000E+00    0.000000E+00    5.048306E-01    3.246702E-02    1.683342E-05    3.211483E-05    1.110290E-05    3.342807E-06    1.432632E-06    8.357018E-07    5.969299E-07    0.000000E+00    0.000000E+00    0.000000E+00
  0.000000E+00    0.000000E+00    0.000000E+00    0.000000E+00    0.000000E+00    0.000000E+00    0.000000E+00    0.000000E+00    0.000000E+00    0.000000E+00    0.000000E+00    0.000000E+00    0.000000E+00    4.685681E-01    3.195338E-02    0.000000E+00    0.000000E+00    0.000000E+00    0.000000E+00    0.000000E+00    0.000000E+00    0.000000E+00    0.000000E+00    0.000000E+00
  0.000000E+00    0.000000E+00    0.000000E+00    0.000000E+00    0.000000E+00    0.000000E+00    0.000000E+00    0.000000E+00    0.000000E+00    0.000000E+00    0.000000E+00    0.000000E+00    0.000000E+00    0.000000E+00    5.108738E-01    3.411261E-02    0.000000E+00    0.000000E+00    0.000000E+00    0.000000E+00    0.000000E+00    0.000000E+00    0.000000E+00    0.000000E+00
  0.000000E+00    0.000000E+00    0.000000E+00    0.000000E+00    0.000000E+00    0.000000E+00    0.000000E+00    0.000000E+00    0.000000E+00    0.000000E+00    0.000000E+00    0.000000E+00    0.000000E+00    0.000000E+00    0.000000E+00    5.043166E-01    3.316427E-02    2.987045E-07    0.000000E+00    0.000000E+00    0.000000E+00    0.000000E+00    0.000000E+00    0.000000E+00
  0.000000E+00    0.000000E+00    0.000000E+00    0.000000E+00    0.000000E+00    0.000000E+00    0.000000E+00    0.000000E+00    0.000000E+00    0.000000E+00    0.000000E+00    0.000000E+00    0.000000E+00    0.000000E+00    0.000000E+00    0.000000E+00    5.441483E-01    3.433114E-02    0.000000E+00    0.000000E+00    0.000000E+00    0.000000E+00    0.000000E+00    0.000000E+00
  0.000000E+00    0.000000E+00    0.000000E+00    0.000000E+00    0.000000E+00    0.000000E+00    0.000000E+00    0.000000E+00    0.000000E+00    0.000000E+00    0.000000E+00    0.000000E+00    0.000000E+00    0.000000E+00    0.000000E+00    0.000000E+00    0.000000E+00    4.613989E-01    2.711690E-02    0.000000E+00    0.000000E+00    0.000000E+00    0.000000E+00    0.000000E+00
  0.000000E+00    0.000000E+00    0.000000E+00    0.000000E+00    0.000000E+00    0.000000E+00    0.000000E+00    0.000000E+00    0.000000E+00    0.000000E+00    0.000000E+00    0.000000E+00    0.000000E+00    0.000000E+00    0.000000E+00    0.000000E+00    0.000000E+00    0.000000E+00    5.102266E-01    2.829505E-02    0.000000E+00    0.000000E+00    0.000000E+00    0.000000E+00
  0.000000E+00    0.000000E+00    0.000000E+00    0.000000E+00    0.000000E+00    0.000000E+00    0.000000E+00    0.000000E+00    0.000000E+00    0.000000E+00    0.000000E+00    0.000000E+00    0.000000E+00    0.000000E+00    0.000000E+00    0.000000E+00    0.000000E+00    0.000000E+00    0.000000E+00    4.640204E-01    2.927863E-02    0.000000E+00    0.000000E+00    0.000000E+00
  0.000000E+00    0.000000E+00    0.000000E+00    0.000000E+00    0.000000E+00    0.000000E+00    0.000000E+00    0.000000E+00    0.000000E+00    0.000000E+00    0.000000E+00    0.000000E+00    0.000000E+00    0.000000E+00    0.000000E+00    0.000000E+00    0.000000E+00    0.000000E+00    0.000000E+00    0.000000E+00    5.445016E-01    1.158611E-02    0.000000E+00    0.000000E+00
  0.000000E+00    0.000000E+00    0.000000E+00    0.000000E+00    0.000000E+00    0.000000E+00    0.000000E+00    0.000000E+00    0.000000E+00    0.000000E+00    0.000000E+00    0.000000E+00    0.000000E+00    0.000000E+00    0.000000E+00    0.000000E+00    0.000000E+00    0.000000E+00    0.000000E+00    0.000000E+00    0.000000E+00    5.108979E-01    4.468837E-03    0.000000E+00
  0.000000E+00    0.000000E+00    0.000000E+00    0.000000E+00    0.000000E+00    0.000000E+00    0.000000E+00    0.000000E+00    0.000000E+00    0.000000E+00    0.000000E+00    0.000000E+00    0.000000E+00    0.000000E+00    0.000000E+00    0.000000E+00    0.000000E+00    0.000000E+00    0.000000E+00    0.000000E+00    0.000000E+00    0.000000E+00    4.675482E-01    7.522603E-03
  0.000000E+00    0.000000E+00    0.000000E+00    0.000000E+00    0.000000E+00    0.000000E+00    0.000000E+00    0.000000E+00    0.000000E+00    0.000000E+00    0.000000E+00    0.000000E+00    0.000000E+00    0.000000E+00    0.000000E+00    0.000000E+00    0.000000E+00    0.000000E+00    0.000000E+00    0.000000E+00    0.000000E+00    0.000000E+00    1.363870E-03    4.484273E-01
  token
  0.000000E+00    0.000000E+00    0.000000E+00    6.088517E-02    1.365279E-01    2.214074E-01    1.955688E-01    1.623534E-01    9.225512E-02    5.166312E-02    2.583306E-02    3.690039E-02    9.225076E-03    7.380517E-03    0.000000E+00    0.000000E+00    0.000000E+00    0.000000E+00    0.000000E+00    0.000000E+00    0.000000E+00    0.000000E+00    0.000000E+00    0.000000E+00
  0.000000E+00    0.000000E+00    0.000000E+00    6.892190E-02    1.904772E-01    2.728707E-01    2.023813E-01    8.897439E-02    7.832104E-02    4.354353E-02    2.286998E-02    1.441070E-02    6.579107E-03    4.698867E-03    3.132090E-03    1.253101E-03    6.261141E-04    6.265914E-04    0.000000E+00    0.000000E+00    3.133181E-04    0.000000E+00    0.000000E+00    0.000000E+00
  0.000000E+00    0.000000E+00    3.537037E-03    3.858440E-02    1.971071E-01    2.363342E-01    2.151107E-01    1.228305E-01    9.099778E-02    4.179950E-02    2.025876E-02    1.350513E-02    9.324660E-03    3.536562E-03    2.250465E-03    2.572398E-03    9.646511E-04    9.647104E-04    3.215293E-04    0.000000E+00    0.000000E+00    0.000000E+00    0.000000E+00    0.000000E+00
  0.000000E+00    3.215054E-04    1.972561E-02    1.085971E-01    2.013299E-01    2.402442E-01    1.802102E-01    1.137423E-01    6.046230E-02    3.302018E-02    1.779627E-02    1.136363E-02    7.182879E-03    2.573084E-03    1.501007E-03    5.359272E-04    5.361171E-04    4.288797E-04    0.000000E+00    1.072110E-04    2.144454E-04    1.071988E-04    0.000000E+00    0.000000E+00
  0.000000E+00    3.226426E-04    2.709675E-02    8.677351E-02    1.512896E-01    2.329018E-01    2.151635E-01    1.235514E-01    7.741890E-02    4.032137E-02    1.806319E-02    1.096775E-02    1.096832E-02    3.870829E-03    6.452311E-04    3.226017E-04    0.000000E+00    0.000000E+00    0.000000E+00    0.000000E+00    3.226143E-04    0.000000E+00    0.000000E+00    0.000000E+00
  0.000000E+00    2.028630E-03    4.361344E-02    7.099144E-02    1.795181E-01    2.068908E-01    1.916823E-01    1.166326E-01    8.113579E-02    3.549839E-02    1.825489E-02    2.028620E-02    2.028321E-02    1.216981E-02    0.000000E+00    1.014312E-03    0.000000E+00    0.000000E+00    0.000000E+00    0.000000E+00    0.000000E+00    0.000000E+00    0.000000E+00    0.000000E+00
  3.358405E+09    2.590441E+09    2.050557E+09    1.592926E+09    1.222469E+09    9.890900E+08    7.535858E+08    5.925731E+08    4.635986E+08    3.592272E+08    2.810344E+08    2.149325E+08    1.707523E+08    1.342718E+08    1.034052E+08    8.017081E+07    6.207203E+07    4.917743E+07    3.808699E+07    2.987528E+07    2.045292E+07    1.173090E+07    4.822491E+06    1.946574E+06
  2.022102E-04    1.190879E-03    1.160273E-03    3.480099E-03    1.156549E-03    3.678543E-04
  1.281483E-02    3.116889E-02    1.109890E-01    3.199842E-01    1.352559E+00    9.253965E+00
