  6.677882E-02    1.672594E-01    2.370963E-01    2.097998E-01    1.435816E-01    8.557707E-02    4.551925E-02    2.285942E-02    1.111617E-02    5.368005E-03    2.565885E-03    1.279176E-03    6.566957E-04    2.676436E-04    1.443727E-04    6.515511E-05    3.093616E-05    1.640559E-05    9.842780E-06    4.688224E-06    2.812641E-06    0.000000E+00    4.687953E-07    0.000000E+00
  1.271669E-01    1.548641E-01    1.581966E-01    1.857600E-01    2.063761E-01    2.472119E-01    2.841108E-01    3.238150E-01    3.546511E-01    3.956198E-01    4.293579E-01    4.699098E-01    5.493959E-01    5.156126E-01    5.614287E-01    5.583293E-01    6.060782E-01    5.224888E-01    5.739863E-01    5.422849E-01    6.347918E-01    6.277471E-01    6.037486E-01    5.400811E-01
  2.612201E-02    1.895786E-02    1.809243E-02    9.982200E-03    5.730484E-03    5.632493E-03    6.099590E-03    6.673500E-03    7.359218E-03    8.266691E-03    9.108513E-03    1.051768E-02    1.231535E-02    1.428400E-02    1.789259E-02    2.309218E-02    2.851025E-02    3.552151E-02    4.817914E-02    6.323841E-02    8.702014E-02    1.284193E-01    1.513547E-01    1.248137E-01
  2.500717E-13    2.108125E-13    2.138234E-13    1.207452E-13    7.081970E-14    7.027383E-14    7.641993E-14    8.396972E-14    9.340115E-14    1.055742E-13    1.164861E-13    1.343153E-13    1.570632E-13    1.819529E-13    2.278990E-13    2.941265E-13    3.631367E-13    4.524395E-13    6.136603E-13    8.054714E-13    1.108381E-12    1.635065E-12    1.925696E-12    1.587867E-12
  3.801050E-02    1.820678E-02    1.525084E-02    1.635817E-02    1.295362E-02    8.599337E-03    4.975492E-03    2.474821E-03    1.108166E-03    4.811226E-04    1.892805E-04    1.109000E-04    4.419324E-05    1.334136E-05    1.417519E-05    5.836843E-06    1.667669E-06    0.000000E+00    1.667669E-06    8.338347E-07    0.000000E+00    0.000000E+00    0.000000E+00    0.000000E+00
  0.000000E+00    7.215800E-02    2.864493E-02    1.279992E-02    1.244570E-02    9.749707E-03    5.802160E-03    2.732066E-03    1.200711E-03    5.141442E-04    2.300866E-04    9.515928E-05    4.686950E-05    1.675940E-05    9.942014E-06    5.113036E-06    1.704345E-06    8.521727E-07    2.840576E-07    0.000000E+00    2.840576E-07    0.000000E+00    0.000000E+00    0.000000E+00
  0.000000E+00    0.000000E+00    9.386479E-02    2.754249E-02    1.303321E-02    7.879182E-03    4.581816E-03    2.240309E-03    9.520019E-04    4.009339E-04    1.607725E-04    7.220799E-05    2.446827E-05    1.595757E-05    8.909642E-06    4.521311E-06    1.196818E-06    9.308581E-07    1.329797E-07    3.989392E-07    0.000000E+00    1.329797E-07    1.329797E-07    0.000000E+00
  0.000000E+00    0.000000E+00    0.000000E+00    1.299614E-01    2.879072E-02    9.130592E-03    6.693704E-03    3.788800E-03    1.540312E-03    5.963291E-04    2.374151E-04    1.085353E-04    4.844819E-05    1.901970E-05    9.841039E-06    4.825894E-06    1.419381E-06    7.570030E-07    7.570030E-07    3.785015E-07    2.838761E-07    0.000000E+00    9.462538E-08    0.000000E+00
  0.000000E+00    0.000000E+00    0.000000E+00    0.000000E+00    1.698290E-01    2.827798E-02    1.224328E-03    1.299752E-03    1.035145E-03    5.732370E-04    2.352198E-04    1.179654E-04    6.801820E-05    6.055279E-05    2.014476E-05    5.806432E-06    3.021715E-06    1.481233E-06    5.332438E-07    4.147452E-07    1.184986E-07    5.924931E-08    0.000000E+00    0.000000E+00
  0.000000E+00    0.000000E+00    0.000000E+00    0.000000E+00    0.000000E+00    2.101583E-01    3.280524E-02    2.970845E-04    1.363831E-04    6.409863E-05    3.279131E-05    1.498347E-05    5.361498E-06    2.393526E-06    9.095399E-07    3.350937E-07    1.914821E-07    2.872231E-07    4.787052E-08    4.787052E-08    9.574104E-08    4.787052E-08    0.000000E+00    0.000000E+00
  0.000000E+00    0.000000E+00    0.000000E+00    0.000000E+00    0.000000E+00    0.000000E+00    2.465055E-01    3.312235E-02    4.906460E-04    9.048600E-05    1.117221E-05    4.433415E-06    3.325061E-06    1.285690E-06    5.763439E-07    1.773366E-07    2.216707E-07    0.000000E+00    0.000000E+00    0.000000E+00    0.000000E+00    0.000000E+00    0.000000E+00    0.000000E+00
  0.000000E+00    0.000000E+00    0.000000E+00    0.000000E+00    0.000000E+00    0.000000E+00    0.000000E+00    2.872552E-01    3.126105E-02    3.000510E-04    1.236434E-04    4.725284E-05    1.680502E-05    7.318317E-06    2.168390E-06    1.039020E-06    3.162236E-07    2.710488E-07    0.000000E+00    4.517480E-08    0.000000E+00    4.517480E-08    0.000000E+00    0.000000E+00
  0.000000E+00    0.000000E+00    0.000000E+00    0.000000E+00    0.000000E+00    0.000000E+00    0.000000E+00    0.000000E+00    3.191214E-01    2.894708E-02    9.961803E-04    4.825990E-05    1.717974E-05    7.537551E-06    3.670885E-06    1.027848E-06    3.915611E-07    4.405062E-07    0.000000E+00    0.000000E+00    0.000000E+00    0.000000E+00    0.000000E+00    0.000000E+00
  0.000000E+00    0.000000E+00    0.000000E+00    0.000000E+00    0.000000E+00    0.000000E+00    0.000000E+00    0.000000E+00    0.000000E+00    3.596678E-01    2.777632E-02    9.817007E-04    4.870251E-04    1.971941E-04    7.472620E-06    2.016421E-06    5.930651E-07    1.779195E-07    5.930651E-08    5.930651E-08    0.000000E+00    0.000000E+00    0.000000E+00    0.000000E+00
  0.000000E+00    0.000000E+00    0.000000E+00    0.000000E+00    0.000000E+00    0.000000E+00    0.000000E+00    0.000000E+00    0.000000E+00    0.000000E+00    3.924550E-01    2.873620E-02    8.921109E-06    8.228954E-06    7.859805E-05    4.106787E-05    1.791913E-05    6.844644E-06    1.307404E-06    1.076686E-06    6.921550E-07    1.538122E-07    0.000000E+00    0.000000E+00
  0.000000E+00    0.000000E+00    0.000000E+00    0.000000E+00    0.000000E+00    0.000000E+00    0.000000E+00    0.000000E+00    0.000000E+00    0.000000E+00    0.000000E+00    4.288762E-01    3.052894E-02    2.552825E-04    5.057578E-05    0.000000E+00    0.000000E+00    0.000000E+00    0.000000E+00    0.000000E+00    0.000000E+00    0.000000E+00    0.000000E+00    0.000000E+00
  0.000000E+00    0.000000E+00    0.000000E+00    0.000000E+00    0.000000E+00    0.000000E+00    0.000000E+00    0.000000E+00    0.000000E+00    0.000000E+00    0.000000E+00    0.000000E+00    5.054130E-01    3.241176E-02    1.477430E-05    3.418366E-05    8.690762E-06    3.765997E-06    1.593306E-06    1.013922E-06    5.793841E-07    1.448460E-07    0.000000E+00    0.000000E+00
  0.000000E+00    0.000000E+00    0.000000E+00    0.000000E+00    0.000000E+00    0.000000E+00    0.000000E+00    0.000000E+00    0.000000E+00    0.000000E+00    0.000000E+00    0.000000E+00    0.000000E+00    4.692467E-01    3.261932E-02    0.000000E+00    0.000000E+00    0.000000E+00    0.000000E+00    0.000000E+00    0.000000E+00    0.000000E+00    0.000000E+00    0.000000E+00
  0.000000E+00    0.000000E+00    0.000000E+00    0.000000E+00    0.000000E+00    0.000000E+00    0.000000E+00    0.000000E+00    0.000000E+00    0.000000E+00    0.000000E+00    0.000000E+00    0.000000E+00    0.000000E+00    5.107620E-01    3.360362E-02    0.000000E+00    0.000000E+00    0.000000E+00    0.000000E+00    0.000000E+00    0.000000E+00    0.000000E+00    0.000000E+00
  0.000000E+00    0.000000E+00    0.000000E+00    0.000000E+00    0.000000E+00    0.000000E+00    0.000000E+00    0.000000E+00    0.000000E+00    0.000000E+00    0.000000E+00    0.000000E+00    0.000000E+00    0.000000E+00    0.000000E+00    5.046391E-01    3.199314E-02    0.000000E+00    0.000000E+00    0.000000E+00    0.000000E+00    0.000000E+00    0.000000E+00    0.000000E+00
  0.000000E+00    0.000000E+00    0.000000E+00    0.000000E+00    0.000000E+00    0.000000E+00    0.000000E+00    0.000000E+00    0.000000E+00    0.000000E+00    0.000000E+00    0.000000E+00    0.000000E+00    0.000000E+00    0.000000E+00    0.000000E+00    5.456773E-01    3.267006E-02    0.000000E+00    0.000000E+00    0.000000E+00    0.000000E+00    0.000000E+00    0.000000E+00
  0.000000E+00    0.000000E+00    0.000000E+00    0.000000E+00    0.000000E+00    0.000000E+00    0.000000E+00    0.000000E+00    0.000000E+00    0.000000E+00    0.000000E+00    0.000000E+00    0.000000E+00    0.000000E+00    0.000000E+00    0.000000E+00    0.000000E+00    4.621509E-01    2.707238E-02    0.000000E+00    0.000000E+00    0.000000E+00    0.000000E+00    0.000000E+00
  0.000000E+00    0.000000E+00    0.000000E+00    0.000000E+00    0.000000E+00    0.000000E+00    0.000000E+00    0.000000E+00    0.000000E+00    0.000000E+00    0.000000E+00    0.000000E+00    0.000000E+00    0.000000E+00    0.000000E+00    0.000000E+00    0.000000E+00    0.000000E+00    5.033172E-01    2.884654E-02    0.000000E+00    0.000000E+00    0.000000E+00    0.000000E+00
  0.000000E+00    0.000000E+00    0.000000E+00    0.000000E+00    0.000000E+00    0.000000E+00    0.000000E+00    0.000000E+00    0.000000E+00    0.000000E+00    0.000000E+00    0.000000E+00    0.000000E+00    0.000000E+00    0.000000E+00    0.000000E+00    0.000000E+00    0.000000E+00    0.000000E+00    4.623969E-01    3.081370E-02    0.000000E+00    0.000000E+00    0.000000E+00
  0.000000E+00    0.000000E+00    0.000000E+00    0.000000E+00    0.000000E+00    0.000000E+00    0.000000E+00    0.000000E+00    0.000000E+00    0.000000E+00    0.000000E+00    0.000000E+00    0.000000E+00    0.000000E+00    0.000000E+00    0.000000E+00    0.000000E+00    0.000000E+00    0.000000E+00    0.000000E+00    5.514102E-01    1.219524E-02    0.000000E+00    0.000000E+00
  0.000000E+00    0.000000E+00    0.000000E+00    0.000000E+00    0.000000E+00    0.000000E+00    0.000000E+00    0.000000E+00    0.000000E+00    0.000000E+00    0.000000E+00    0.000000E+00    0.000000E+00    0.000000E+00    0.000000E+00    0.000000E+00    0.000000E+00    0.000000E+00    0.000000E+00    0.000000E+00    0.000000E+00    5.133368E-01    4.480358E-03    0.000000E+00
  0.000000E+00    0.000000E+00    0.000000E+00    0.000000E+00    0.000000E+00    0.000000E+00    0.000000E+00    0.000000E+00    0.000000E+00    0.000000E+00    0.000000E+00    0.000000E+00    0.000000E+00    0.000000E+00    0.000000E+00    0.000000E+00    0.000000E+00    0.000000E+00    0.000000E+00    0.000000E+00    0.000000E+00    0.000000E+00    4.572117E-01    7.633831E-03
  0.000000E+00    0.000000E+00    0.000000E+00    0.000000E+00    0.000000E+00    0.000000E+00    0.000000E+00    0.000000E+00    0.000000E+00    0.000000E+00    0.000000E+00    0.000000E+00    0.000000E+00    0.000000E+00    0.000000E+00    0.000000E+00    0.000000E+00    0.000000E+00    0.000000E+00    0.000000E+00    0.000000E+00    0.000000E+00    8.086693E-04    4.575957E-01
  token
  0.000000E+00    0.000000E+00    0.000000E+00    8.294504E-02    1.751173E-01    1.843329E-01    2.188979E-01    1.382424E-01    6.681879E-02    8.065377E-02    2.303950E-02    1.843378E-02    6.910061E-03    4.608588E-03    0.000000E+00    0.000000E+00    0.000000E+00    0.000000E+00    0.000000E+00    0.000000E+00    0.000000E+00    0.000000E+00    0.000000E+00    0.000000E+00
  0.000000E+00    0.000000E+00    0.000000E+00    7.689467E-02    1.898566E-01    2.873522E-01    2.021402E-01    8.482011E-02    7.451352E-02    4.359831E-02    1.624992E-02    7.926728E-03    7.530827E-03    3.964065E-03    2.378163E-03    3.963621E-04    0.000000E+00    1.189177E-03    3.963832E-04    3.964059E-04    0.000000E+00    0.000000E+00    3.964060E-04    0.000000E+00
  0.000000E+00    0.000000E+00    3.911349E-03    4.106268E-02    1.998453E-01    2.565498E-01    2.037554E-01    1.290580E-01    7.626128E-02    3.676149E-02    1.838058E-02    1.329704E-02    1.212198E-02    3.910642E-03    1.955529E-03    7.822552E-04    3.911104E-04    3.911026E-04    1.173295E-03    0.000000E+00    3.911169E-04    0.000000E+00    0.000000E+00    0.000000E+00
  0.000000E+00    5.346471E-04    1.777626E-02    1.102634E-01    2.011491E-01    2.437839E-01    1.773614E-01    1.113344E-01    5.854065E-02    3.247770E-02    1.978062E-02    1.376631E-02    6.682757E-03    1.603719E-03    2.004863E-03    5.345354E-04    8.017754E-04    5.346571E-04    5.345081E-04    4.011108E-04    1.336504E-04    0.000000E+00    0.000000E+00    0.000000E+00
  0.000000E+00    7.713905E-04    2.005339E-02    8.600292E-02    1.681406E-01    2.337024E-01    1.889752E-01    1.322800E-01    6.556295E-02    4.974948E-02    2.043886E-02    1.426904E-02    1.195582E-02    5.013295E-03    1.542608E-03    7.713408E-04    3.850569E-04    3.856407E-04    0.000000E+00    0.000000E+00    0.000000E+00    0.000000E+00    0.000000E+00    0.000000E+00
  0.000000E+00    0.000000E+00    4.031387E-02    8.322571E-02    1.638452E-01    2.171544E-01    1.820623E-01    1.274400E-01    7.543124E-02    3.900961E-02    2.860738E-02    1.300280E-02    1.950410E-02    1.040328E-02    0.000000E+00    0.000000E+00    0.000000E+00    0.000000E+00    0.000000E+00    0.000000E+00    0.000000E+00    0.000000E+00    0.000000E+00    0.000000E+00
  3.357047E+09    2.590590E+09    2.050721E+09    1.594175E+09    1.222852E+09    9.891692E+08    7.528352E+08    5.924604E+08    4.627965E+08    3.590214E+08    2.808546E+08    2.154245E+08    1.706709E+08    1.341726E+08    1.034765E+08    8.035201E+07    6.222255E+07    4.916142E+07    3.804151E+07    2.984078E+07    2.061225E+07    1.185062E+07    4.804593E+06    1.918103E+06
  2.034345E-04    1.182614E-03    1.198552E-03    3.507101E-03    1.215445E-03    3.604596E-04
  1.275318E-02    3.156254E-02    1.082777E-01    3.207317E-01    1.307560E+00    9.579375E+00
