  6.683141E-02    1.670364E-01    2.373803E-01    2.095061E-01    1.436725E-01    8.558300E-02    4.558230E-02    2.283278E-02    1.116339E-02    5.378140E-03    2.618887E-03    1.248404E-03    6.196314E-04    2.836483E-04    1.372481E-04    6.093725E-05    3.403868E-05    1.537211E-05    8.417995E-06    2.927943E-06    3.293998E-06    5.489368E-07    3.660030E-07    0.000000E+00
  1.266415E-01    1.545111E-01    1.581727E-01    1.856048E-01    2.063845E-01    2.467115E-01    2.843565E-01    3.240512E-01    3.551608E-01    3.957828E-01    4.292406E-01    4.727335E-01    5.495538E-01    5.154616E-01    5.611854E-01    5.586008E-01    6.096228E-01    5.202533E-01    5.727361E-01    5.407053E-01    6.410917E-01    6.229098E-01    6.004384E-01    5.280426E-01
  2.610776E-02    1.895615E-02    1.809148E-02    9.983305E-03    5.728252E-03    5.631714E-03    6.099754E-03    6.673717E-03    7.360001E-03    8.265925E-03    9.108061E-03    1.050782E-02    1.231682E-02    1.428104E-02    1.786932E-02    2.306811E-02    2.841100E-02    3.543392E-02    4.782400E-02    6.333300E-02    8.607311E-02    1.245894E-01    1.560162E-01    1.221109E-01
  2.499476E-13    2.108097E-13    2.138139E-13    1.207582E-13    7.079471E-14    7.026355E-14    7.642199E-14    8.397263E-14    9.341180E-14    1.055641E-13    1.164803E-13    1.341906E-13    1.570818E-13    1.819153E-13    2.276026E-13    2.938199E-13    3.618726E-13    4.513238E-13    6.091368E-13    8.066763E-13    1.096318E-12    1.586356E-12    1.985020E-12    1.553483E-12
  3.816958E-02    1.824404E-02    1.518039E-02    1.626732E-02    1.304191E-02    8.664273E-03    4.951186E-03    2.428427E-03    1.102044E-03    4.855645E-04    2.216182E-04    9.795946E-05    5.623599E-05    1.935002E-05    1.148907E-05    3.628128E-06    1.511720E-06    2.116408E-06    1.209376E-06    1.209376E-06    1.511720E-06    0.000000E+00    0.000000E+00    0.000000E+00
  0.000000E+00    7.215835E-02    2.868112E-02    1.281427E-02    1.246347E-02    9.881073E-03    5.884853E-03    2.750429E-03    1.233523E-03    5.059446E-04    2.087485E-04    9.081850E-05    4.381142E-05    1.865851E-05    7.628341E-06    3.401828E-06    1.443200E-06    7.215999E-07    9.277712E-07    3.092571E-07    1.030857E-07    0.000000E+00    0.000000E+00    0.000000E+00
  0.000000E+00    0.000000E+00    9.380620E-02    2.745945E-02    1.301459E-02    7.926987E-03    4.618312E-03    2.204142E-03    9.603718E-04    3.925709E-04    1.667697E-04    7.093330E-05    3.106917E-05    1.496100E-05    6.309431E-06    3.059118E-06    1.242767E-06    7.169808E-07    5.735846E-07    2.867923E-07    3.823897E-07    9.559743E-08    0.000000E+00    0.000000E+00
  0.000000E+00    0.000000E+00    0.000000E+00    1.300491E-01    2.858963E-02    9.134733E-03    6.683396E-03    3.786819E-03    1.525983E-03    5.870866E-04    2.369441E-04    1.034674E-04    4.372102E-05    1.922364E-05    8.097746E-06    3.742655E-06    1.463038E-06    5.443863E-07    2.041448E-07    2.721931E-07    1.360966E-07    0.000000E+00    0.000000E+00    0.000000E+00
  0.000000E+00    0.000000E+00    0.000000E+00    0.000000E+00    1.695968E-01    2.839632E-02    1.222304E-03    1.278748E-03    1.027202E-03    5.688673E-04    2.414488E-04    1.179776E-04    6.526734E-05    5.954027E-05    2.004473E-05    6.193715E-06    2.842321E-06    1.251470E-06    4.666498E-07    2.545362E-07    1.909022E-07    2.121135E-08    0.000000E+00    0.000000E+00
  0.000000E+00    0.000000E+00    0.000000E+00    0.000000E+00    0.000000E+00    2.102205E-01    3.245336E-02    2.950382E-04    1.379939E-04    6.485784E-05    3.216048E-05    1.446096E-05    4.520132E-06    1.991629E-06    6.927406E-07    4.502814E-07    2.078222E-07    8.659258E-08    3.463703E-08    6.927406E-08    3.463703E-08    1.731852E-08    0.000000E+00    0.000000E+00
  0.000000E+00    0.000000E+00    0.000000E+00    0.000000E+00    0.000000E+00    0.000000E+00    2.465434E-01    3.317178E-02    4.997980E-04    8.842580E-05    1.069944E-05    4.826200E-06    2.699400E-06    1.505120E-06    6.544000E-07    2.454000E-07    4.908000E-08    3.272000E-08    0.000000E+00    1.636000E-08    0.000000E+00    0.000000E+00    0.000000E+00    0.000000E+00
  0.000000E+00    0.000000E+00    0.000000E+00    0.000000E+00    0.000000E+00    0.000000E+00    0.000000E+00    2.876167E-01    3.143674E-02    2.977444E-04    1.237775E-04    4.524167E-05    1.606791E-05    7.198290E-06    2.399430E-06    8.439374E-07    5.295294E-07    6.619117E-08    1.654779E-08    1.654779E-08    1.654779E-08    0.000000E+00    0.000000E+00    0.000000E+00
  0.000000E+00    0.000000E+00    0.000000E+00    0.000000E+00    0.000000E+00    0.000000E+00    0.000000E+00    0.000000E+00    3.195557E-01    2.913473E-02    9.975474E-04    4.674928E-05    1.698986E-05    8.549268E-06    3.894264E-06    1.050546E-06    4.347085E-07    1.086771E-07    9.056428E-08    1.811286E-08    0.000000E+00    0.000000E+00    0.000000E+00    0.000000E+00
  0.000000E+00    0.000000E+00    0.000000E+00    0.000000E+00    0.000000E+00    0.000000E+00    0.000000E+00    0.000000E+00    0.000000E+00    3.596999E-01    2.767497E-02    9.931831E-04    4.869099E-04    1.902775E-04    7.330253E-06    1.545535E-06    7.065304E-07    2.428698E-07    2.207908E-08    0.000000E+00    2.207908E-08    2.207908E-08    0.000000E+00    0.000000E+00
  0.000000E+00    0.000000E+00    0.000000E+00    0.000000E+00    0.000000E+00    0.000000E+00    0.000000E+00    0.000000E+00    0.000000E+00    0.000000E+00    3.921208E-01    2.876126E-02    6.613908E-06    9.877540E-06    8.205290E-05    4.404459E-05    1.761783E-05    6.007393E-06    2.166127E-06    8.375692E-07    5.776339E-07    5.776339E-08    0.000000E+00    0.000000E+00
  0.000000E+00    0.000000E+00    0.000000E+00    0.000000E+00    0.000000E+00    0.000000E+00    0.000000E+00    0.000000E+00    0.000000E+00    0.000000E+00    0.000000E+00    4.324703E-01    2.997024E-02    2.599078E-04    4.924283E-05    0.000000E+00    0.000000E+00    0.000000E+00    0.000000E+00    0.000000E+00    0.000000E+00    0.000000E+00    0.000000E+00    0.000000E+00
  0.000000E+00    0.000000E+00    0.000000E+00    0.000000E+00    0.000000E+00    0.000000E+00    0.000000E+00    0.000000E+00    0.000000E+00    0.000000E+00    0.000000E+00    0.000000E+00    5.054020E-01    3.232106E-02    1.570599E-05    3.197898E-05    1.128336E-05    3.912322E-06    2.324713E-06    1.247407E-06    5.103029E-07    0.000000E+00    0.000000E+00    0.000000E+00
  0.000000E+00    0.000000E+00    0.000000E+00    0.000000E+00    0.000000E+00    0.000000E+00    0.000000E+00    0.000000E+00    0.000000E+00    0.000000E+00    0.000000E+00    0.000000E+00    0.000000E+00    4.692855E-01    3.267003E-02    0.000000E+00    0.000000E+00    0.000000E+00    0.000000E+00    0.000000E+00    0.000000E+00    0.000000E+00    0.000000E+00    0.000000E+00
  0.000000E+00    0.000000E+00    0.000000E+00    0.000000E+00    0.000000E+00    0.000000E+00    0.000000E+00    0.000000E+00    0.000000E+00    0.000000E+00    0.000000E+00    0.000000E+00    0.000000E+00    0.000000E+00    5.113956E-01    3.314817E-02    0.000000E+00    0.000000E+00    0.000000E+00    0.000000E+00    0.000000E+00    0.000000E+00    0.000000E+00    0.000000E+00
  0.000000E+00    0.000000E+00    0.000000E+00    0.000000E+00    0.000000E+00    0.000000E+00    0.000000E+00    0.000000E+00    0.000000E+00    0.000000E+00    0.000000E+00    0.000000E+00    0.000000E+00    0.000000E+00    0.000000E+00    5.075344E-01    3.099800E-02    0.000000E+00    0.000000E+00    0.000000E+00    0.000000E+00    0.000000E+00    0.000000E+00    0.000000E+00
  0.000000E+00    0.000000E+00    0.000000E+00    0.000000E+00    0.000000E+00    0.000000E+00    0.000000E+00    0.000000E+00    0.000000E+00    0.000000E+00    0.000000E+00    0.000000E+00    0.000000E+00    0.000000E+00    0.000000E+00    0.000000E+00    5.518731E-01    3.087156E-02    2.840227E-07    0.000000E+00    0.000000E+00    0.000000E+00    0.000000E+00    0.000000E+00
  0.000000E+00    0.000000E+00    0.000000E+00    0.000000E+00    0.000000E+00    0.000000E+00    0.000000E+00    0.000000E+00    0.000000E+00    0.000000E+00    0.000000E+00    0.000000E+00    0.000000E+00    0.000000E+00    0.000000E+00    0.000000E+00    0.000000E+00    4.614191E-01    2.586801E-02    0.000000E+00    0.000000E+00    0.000000E+00    0.000000E+00    0.000000E+00
  0.000000E+00    0.000000E+00    0.000000E+00    0.000000E+00    0.000000E+00    0.000000E+00    0.000000E+00    0.000000E+00    0.000000E+00    0.000000E+00    0.000000E+00    0.000000E+00    0.000000E+00    0.000000E+00    0.000000E+00    0.000000E+00    0.000000E+00    0.000000E+00    5.016664E-01    2.702401E-02    0.000000E+00    0.000000E+00    0.000000E+00    0.000000E+00
  0.000000E+00    0.000000E+00    0.000000E+00    0.000000E+00    0.000000E+00    0.000000E+00    0.000000E+00    0.000000E+00    0.000000E+00    0.000000E+00    0.000000E+00    0.000000E+00    0.000000E+00    0.000000E+00    0.000000E+00    0.000000E+00    0.000000E+00    0.000000E+00    0.000000E+00    4.619918E-01    2.916304E-02    0.000000E+00    0.000000E+00    0.000000E+00
  0.000000E+00    0.000000E+00    0.000000E+00    0.000000E+00    0.000000E+00    0.000000E+00    0.000000E+00    0.000000E+00    0.000000E+00    0.000000E+00    0.000000E+00    0.000000E+00    0.000000E+00    0.000000E+00    0.000000E+00    0.000000E+00    0.000000E+00    0.000000E+00    0.000000E+00    0.000000E+00    5.598323E-01    1.091902E-02    0.000000E+00    0.000000E+00
  0.000000E+00    0.000000E+00    0.000000E+00    0.000000E+00    0.000000E+00    0.000000E+00    0.000000E+00    0.000000E+00    0.000000E+00    0.000000E+00    0.000000E+00    0.000000E+00    0.000000E+00    0.000000E+00    0.000000E+00    0.000000E+00    0.000000E+00    0.000000E+00    0.000000E+00    0.000000E+00    0.000000E+00    5.134140E-01    3.290592E-03    0.000000E+00
  0.000000E+00    0.000000E+00    0.000000E+00    0.000000E+00    0.000000E+00    0.000000E+00    0.000000E+00    0.000000E+00    0.000000E+00    0.000000E+00    0.000000E+00    0.000000E+00    0.000000E+00    0.000000E+00    0.000000E+00    0.000000E+00    0.000000E+00    0.000000E+00    0.000000E+00    0.000000E+00    0.000000E+00    0.000000E+00    4.560287E-01    5.488971E-03
  0.000000E+00    0.000000E+00    0.000000E+00    0.000000E+00    0.000000E+00    0.000000E+00    0.000000E+00    0.000000E+00    0.000000E+00    0.000000E+00    0.000000E+00    0.000000E+00    0.000000E+00    0.000000E+00    0.000000E+00    0.000000E+00    0.000000E+00    0.000000E+00    0.000000E+00    0.000000E+00    0.000000E+00    0.000000E+00    1.348380E-03    4.505714E-01
  token
  0.000000E+00    0.000000E+00    0.000000E+00    5.382748E-02    1.539129E-01    2.077342E-01    2.178278E-01    1.606388E-01    7.905932E-02    5.214502E-02    3.028054E-02    2.523106E-02    1.345588E-02    3.364069E-03    8.410901E-04    8.411339E-04    0.000000E+00    8.407419E-04    0.000000E+00    0.000000E+00    0.000000E+00    0.000000E+00    0.000000E+00    0.000000E+00
  0.000000E+00    0.000000E+00    1.523926E-04    6.901156E-02    1.924148E-01    2.826035E-01    1.965276E-01    8.851335E-02    7.647554E-02    4.052384E-02    2.285109E-02    1.081628E-02    7.312690E-03    5.332442E-03    3.199244E-03    1.523489E-03    7.616543E-04    6.094755E-04    3.047168E-04    4.570295E-04    3.047364E-04    3.046546E-04    0.000000E+00    0.000000E+00
  0.000000E+00    0.000000E+00    3.749044E-03    3.733137E-02    1.916586E-01    2.417993E-01    2.107153E-01    1.323024E-01    9.247123E-02    3.405293E-02    2.405456E-02    1.327680E-02    9.372508E-03    4.061258E-03    2.186742E-03    1.093487E-03    9.373045E-04    1.561963E-04    4.685510E-04    0.000000E+00    3.123984E-04    0.000000E+00    0.000000E+00    0.000000E+00
  0.000000E+00    2.595742E-04    1.786262E-02    1.077483E-01    2.050576E-01    2.388618E-01    1.791972E-01    1.133554E-01    6.428510E-02    3.151985E-02    1.620119E-02    1.012564E-02    8.360159E-03    3.167309E-03    1.402023E-03    1.142309E-03    6.750139E-04    2.596261E-04    1.038593E-04    1.038163E-04    1.557934E-04    5.192330E-05    1.038555E-04    0.000000E+00
  0.000000E+00    1.032606E-03    2.375319E-02    8.202831E-02    1.618495E-01    2.272053E-01    2.013877E-01    1.335178E-01    7.863880E-02    4.263840E-02    1.873648E-02    1.136039E-02    1.165494E-02    3.836211E-03    5.901345E-04    5.902168E-04    4.423858E-04    0.000000E+00    4.426439E-04    1.475726E-04    1.474429E-04    0.000000E+00    0.000000E+00    0.000000E+00
  0.000000E+00    1.429248E-03    3.287151E-02    8.004107E-02    1.777051E-01    2.229604E-01    1.867568E-01    1.152931E-01    8.242128E-02    4.049515E-02    2.572684E-02    1.333811E-02    1.476766E-02    4.764466E-03    1.429326E-03    0.000000E+00    0.000000E+00    0.000000E+00    0.000000E+00    0.000000E+00    0.000000E+00    0.000000E+00    0.000000E+00    0.000000E+00
  3.356670E+09    2.590082E+09    2.050589E+09    1.594316E+09    1.222321E+09    9.895350E+08    7.528253E+08    5.924187E+08    4.626843E+08    3.590833E+08    2.808964E+08    2.157295E+08    1.706431E+08    1.341818E+08    1.035816E+08    8.049482E+07    6.238819E+07    4.929160E+07    3.815164E+07    2.992343E+07    2.086930E+07    1.209303E+07    5.007287E+06    1.939358E+06
  2.175837E-04    1.201200E-03    1.171552E-03    3.524156E-03    1.240355E-03    3.841148E-04
  1.190784E-02    3.123762E-02    1.117126E-01    3.230063E-01    1.307725E+00    9.153623E+00
