  0.000000E+00    0.000000E+00    0.000000E+00    0.000000E+00    0.000000E+00    0.000000E+00    0.000000E+00    0.000000E+00    0.000000E+00    0.000000E+00    0.000000E+00    0.000000E+00    0.000000E+00    0.000000E+00    0.000000E+00    0.000000E+00    0.000000E+00    0.000000E+00    0.000000E+00    0.000000E+00    0.000000E+00    0.000000E+00    0.000000E+00    0.000000E+00
  1.062497E-01    1.201452E-01    1.264342E-01    1.235398E-01    1.310116E-01    1.515945E-01    1.465903E-01    2.190476E-01    2.110668E-01    2.494413E-01    3.289364E-01    3.234382E-01    5.132577E-01    5.822242E-01    7.017741E-01    6.095668E-01    6.360288E-01    4.963076E-01    5.118898E-01    5.926644E-01    6.729488E-01    5.828480E-01    5.552917E-01    5.630242E-01
  0.000000E+00    0.000000E+00    0.000000E+00    0.000000E+00    0.000000E+00    0.000000E+00    0.000000E+00    0.000000E+00    0.000000E+00    0.000000E+00    0.000000E+00    0.000000E+00    0.000000E+00    0.000000E+00    0.000000E+00    0.000000E+00    0.000000E+00    0.000000E+00    0.000000E+00    0.000000E+00    0.000000E+00    0.000000E+00    0.000000E+00    0.000000E+00
  0.000000E+00    0.000000E+00    0.000000E+00    0.000000E+00    0.000000E+00    0.000000E+00    0.000000E+00    0.000000E+00    0.000000E+00    0.000000E+00    0.000000E+00    0.000000E+00    0.000000E+00    0.000000E+00    0.000000E+00    0.000000E+00    0.000000E+00    0.000000E+00    0.000000E+00    0.000000E+00    0.000000E+00    0.000000E+00    0.000000E+00    0.000000E+00
  2.639459E-02    1.900328E-02    2.035041E-02    1.692878E-02    9.354861E-03    4.768761E-03    2.381119E-03    1.255795E-03    5.381981E-04    3.000862E-04    1.435195E-04    5.871252E-05    4.892710E-05    1.957084E-05    9.785419E-06    3.261806E-06    0.000000E+00    3.261806E-06    0.000000E+00    0.000000E+00    3.261806E-06    0.000000E+00    0.000000E+00    0.000000E+00
  0.000000E+00    5.056070E-02    3.119071E-02    1.280061E-02    1.004179E-02    6.337697E-03    3.718458E-03    1.920297E-03    8.036303E-04    3.356157E-04    1.806372E-04    7.389704E-05    3.181678E-05    1.128983E-05    7.184434E-06    1.026348E-06    0.000000E+00    1.026348E-06    0.000000E+00    0.000000E+00    0.000000E+00    0.000000E+00    0.000000E+00    0.000000E+00
  0.000000E+00    0.000000E+00    7.509112E-02    3.041183E-02    1.264911E-02    4.347643E-03    2.178305E-03    4.569583E-04    2.230614E-04    1.001348E-04    4.222101E-05    1.980277E-05    5.230921E-06    4.483647E-06    2.989098E-06    1.494549E-06    0.000000E+00    0.000000E+00    0.000000E+00    0.000000E+00    0.000000E+00    0.000000E+00    0.000000E+00    0.000000E+00
  0.000000E+00    0.000000E+00    0.000000E+00    9.123704E-02    1.517029E-02    7.488165E-03    5.773316E-03    2.603413E-03    4.593817E-04    2.476047E-04    1.371205E-04    6.340180E-05    2.869963E-05    7.128013E-06    3.939165E-06    1.500634E-06    0.000000E+00    5.627379E-07    0.000000E+00    0.000000E+00    1.875793E-07    0.000000E+00    0.000000E+00    0.000000E+00
  0.000000E+00    0.000000E+00    0.000000E+00    0.000000E+00    1.130741E-01    1.464963E-02    2.835263E-04    7.476353E-04    9.102939E-04    4.731190E-04    1.568117E-04    1.072569E-04    9.287931E-05    1.133914E-04    3.536890E-05    8.530711E-06    4.504982E-06    1.725312E-06    5.751041E-07    3.834027E-07    2.875520E-07    9.585068E-08    0.000000E+00    0.000000E+00
  0.000000E+00    0.000000E+00    0.000000E+00    0.000000E+00    0.000000E+00    1.387640E-01    1.241936E-02    1.004103E-04    4.530494E-05    2.335669E-05    1.214783E-05    4.166646E-06    1.701870E-06    1.760555E-07    5.868516E-08    0.000000E+00    0.000000E+00    0.000000E+00    0.000000E+00    0.000000E+00    0.000000E+00    0.000000E+00    0.000000E+00    0.000000E+00
  0.000000E+00    0.000000E+00    0.000000E+00    0.000000E+00    0.000000E+00    0.000000E+00    1.347645E-01    1.143637E-02    1.195199E-04    2.204160E-05    9.609146E-06    1.535482E-06    1.485950E-07    9.906336E-08    2.476584E-07    4.953168E-08    4.953168E-08    0.000000E+00    0.000000E+00    0.000000E+00    0.000000E+00    0.000000E+00    0.000000E+00    0.000000E+00
  0.000000E+00    0.000000E+00    0.000000E+00    0.000000E+00    0.000000E+00    0.000000E+00    0.000000E+00    2.010063E-01    1.752655E-02    4.693389E-05    2.548164E-05    1.049912E-05    3.915887E-06    1.078288E-06    2.270079E-07    1.135040E-07    5.675199E-08    0.000000E+00    0.000000E+00    0.000000E+00    0.000000E+00    0.000000E+00    0.000000E+00    0.000000E+00
  0.000000E+00    0.000000E+00    0.000000E+00    0.000000E+00    0.000000E+00    0.000000E+00    0.000000E+00    0.000000E+00    1.942094E-01    1.630847E-02    1.696271E-05    6.889468E-06    7.307011E-07    1.304823E-06    8.872800E-07    4.697365E-07    0.000000E+00    5.219294E-08    5.219294E-08    0.000000E+00    0.000000E+00    0.000000E+00    0.000000E+00    0.000000E+00
  0.000000E+00    0.000000E+00    0.000000E+00    0.000000E+00    0.000000E+00    0.000000E+00    0.000000E+00    0.000000E+00    0.000000E+00    2.311583E-01    1.770293E-02    0.000000E+00    3.160266E-06    2.106844E-06    5.852344E-07    1.755703E-07    1.170469E-07    0.000000E+00    0.000000E+00    0.000000E+00    0.000000E+00    0.000000E+00    0.000000E+00    0.000000E+00
  0.000000E+00    0.000000E+00    0.000000E+00    0.000000E+00    0.000000E+00    0.000000E+00    0.000000E+00    0.000000E+00    0.000000E+00    0.000000E+00    3.035140E-01    2.468152E-02    1.465439E-05    0.000000E+00    0.000000E+00    0.000000E+00    0.000000E+00    0.000000E+00    0.000000E+00    0.000000E+00    0.000000E+00    0.000000E+00    0.000000E+00    0.000000E+00
  0.000000E+00    0.000000E+00    0.000000E+00    0.000000E+00    0.000000E+00    0.000000E+00    0.000000E+00    0.000000E+00    0.000000E+00    0.000000E+00    0.000000E+00    3.016823E-01    1.969859E-02    9.511324E-04    1.557606E-04    0.000000E+00    0.000000E+00    0.000000E+00    0.000000E+00    0.000000E+00    0.000000E+00    0.000000E+00    0.000000E+00    0.000000E+00
  0.000000E+00    0.000000E+00    0.000000E+00    0.000000E+00    0.000000E+00    0.000000E+00    0.000000E+00    0.000000E+00    0.000000E+00    0.000000E+00    0.000000E+00    0.000000E+00    4.774228E-01    3.485314E-02    5.318718E-05    1.010984E-04    3.037230E-05    8.270392E-06    3.422231E-06    1.283337E-06    1.853709E-06    4.277789E-07    0.000000E+00    0.000000E+00
  0.000000E+00    0.000000E+00    0.000000E+00    0.000000E+00    0.000000E+00    0.000000E+00    0.000000E+00    0.000000E+00    0.000000E+00    0.000000E+00    0.000000E+00    0.000000E+00    0.000000E+00    5.386956E-01    4.220714E-02    0.000000E+00    0.000000E+00    0.000000E+00    0.000000E+00    0.000000E+00    0.000000E+00    0.000000E+00    0.000000E+00    0.000000E+00
  0.000000E+00    0.000000E+00    0.000000E+00    0.000000E+00    0.000000E+00    0.000000E+00    0.000000E+00    0.000000E+00    0.000000E+00    0.000000E+00    0.000000E+00    0.000000E+00    0.000000E+00    0.000000E+00    6.511459E-01    4.842734E-02    0.000000E+00    0.000000E+00    0.000000E+00    0.000000E+00    0.000000E+00    0.000000E+00    0.000000E+00    0.000000E+00
  0.000000E+00    0.000000E+00    0.000000E+00    0.000000E+00    0.000000E+00    0.000000E+00    0.000000E+00    0.000000E+00    0.000000E+00    0.000000E+00    0.000000E+00    0.000000E+00    0.000000E+00    0.000000E+00    0.000000E+00    5.689275E-01    3.966782E-02    0.000000E+00    0.000000E+00    0.000000E+00    0.000000E+00    0.000000E+00    0.000000E+00    0.000000E+00
  0.000000E+00    0.000000E+00    0.000000E+00    0.000000E+00    0.000000E+00    0.000000E+00    0.000000E+00    0.000000E+00    0.000000E+00    0.000000E+00    0.000000E+00    0.000000E+00    0.000000E+00    0.000000E+00    0.000000E+00    0.000000E+00    5.945860E-01    3.879822E-02    0.000000E+00    0.000000E+00    0.000000E+00    0.000000E+00    0.000000E+00    0.000000E+00
  0.000000E+00    0.000000E+00    0.000000E+00    0.000000E+00    0.000000E+00    0.000000E+00    0.000000E+00    0.000000E+00    0.000000E+00    0.000000E+00    0.000000E+00    0.000000E+00    0.000000E+00    0.000000E+00    0.000000E+00    0.000000E+00    0.000000E+00    4.618142E-01    2.819640E-02    0.000000E+00    0.000000E+00    0.000000E+00    0.000000E+00    0.000000E+00
  0.000000E+00    0.000000E+00    0.000000E+00    0.000000E+00    0.000000E+00    0.000000E+00    0.000000E+00    0.000000E+00    0.000000E+00    0.000000E+00    0.000000E+00    0.000000E+00    0.000000E+00    0.000000E+00    0.000000E+00    0.000000E+00    0.000000E+00    0.000000E+00    4.790356E-01    3.072875E-02    0.000000E+00    0.000000E+00    0.000000E+00    0.000000E+00
  0.000000E+00    0.000000E+00    0.000000E+00    0.000000E+00    0.000000E+00    0.000000E+00    0.000000E+00    0.000000E+00    0.000000E+00    0.000000E+00    0.000000E+00    0.000000E+00    0.000000E+00    0.000000E+00    0.000000E+00    0.000000E+00    0.000000E+00    0.000000E+00    0.000000E+00    5.518887E-01    3.671443E-02    0.000000E+00    0.000000E+00    0.000000E+00
  0.000000E+00    0.000000E+00    0.000000E+00    0.000000E+00    0.000000E+00    0.000000E+00    0.000000E+00    0.000000E+00    0.000000E+00    0.000000E+00    0.000000E+00    0.000000E+00    0.000000E+00    0.000000E+00    0.000000E+00    0.000000E+00    0.000000E+00    0.000000E+00    0.000000E+00    0.000000E+00    6.498643E-01    1.568944E-02    0.000000E+00    0.000000E+00
  0.000000E+00    0.000000E+00    0.000000E+00    0.000000E+00    0.000000E+00    0.000000E+00    0.000000E+00    0.000000E+00    0.000000E+00    0.000000E+00    0.000000E+00    0.000000E+00    0.000000E+00    0.000000E+00    0.000000E+00    0.000000E+00    0.000000E+00    0.000000E+00    0.000000E+00    0.000000E+00    0.000000E+00    5.658426E-01    5.092395E-03    0.000000E+00
  0.000000E+00    0.000000E+00    0.000000E+00    0.000000E+00    0.000000E+00    0.000000E+00    0.000000E+00    0.000000E+00    0.000000E+00    0.000000E+00    0.000000E+00    0.000000E+00    0.000000E+00    0.000000E+00    0.000000E+00    0.000000E+00    0.000000E+00    0.000000E+00    0.000000E+00    0.000000E+00    0.000000E+00    0.000000E+00    5.452575E-01    3.448469E-03
  0.000000E+00    0.000000E+00    0.000000E+00    0.000000E+00    0.000000E+00    0.000000E+00    0.000000E+00    0.000000E+00    0.000000E+00    0.000000E+00    0.000000E+00    0.000000E+00    0.000000E+00    0.000000E+00    0.000000E+00    0.000000E+00    0.000000E+00    0.000000E+00    0.000000E+00    0.000000E+00    0.000000E+00    0.000000E+00    1.808817E-03    5.444903E-01
  token
  0.000000E+00    0.000000E+00    0.000000E+00    0.000000E+00    0.000000E+00    0.000000E+00    0.000000E+00    0.000000E+00    0.000000E+00    0.000000E+00    0.000000E+00    0.000000E+00    0.000000E+00    0.000000E+00    0.000000E+00    0.000000E+00    0.000000E+00    0.000000E+00    0.000000E+00    0.000000E+00    0.000000E+00    0.000000E+00    0.000000E+00    0.000000E+00
  0.000000E+00    0.000000E+00    0.000000E+00    0.000000E+00    0.000000E+00    0.000000E+00    0.000000E+00    0.000000E+00    0.000000E+00    0.000000E+00    0.000000E+00    0.000000E+00    0.000000E+00    0.000000E+00    0.000000E+00    0.000000E+00    0.000000E+00    0.000000E+00    0.000000E+00    0.000000E+00    0.000000E+00    0.000000E+00    0.000000E+00    0.000000E+00
  0.000000E+00    0.000000E+00    0.000000E+00    0.000000E+00    0.000000E+00    0.000000E+00    0.000000E+00    0.000000E+00    0.000000E+00    0.000000E+00    0.000000E+00    0.000000E+00    0.000000E+00    0.000000E+00    0.000000E+00    0.000000E+00    0.000000E+00    0.000000E+00    0.000000E+00    0.000000E+00    0.000000E+00    0.000000E+00    0.000000E+00    0.000000E+00
  0.000000E+00    0.000000E+00    0.000000E+00    0.000000E+00    0.000000E+00    0.000000E+00    0.000000E+00    0.000000E+00    0.000000E+00    0.000000E+00    0.000000E+00    0.000000E+00    0.000000E+00    0.000000E+00    0.000000E+00    0.000000E+00    0.000000E+00    0.000000E+00    0.000000E+00    0.000000E+00    0.000000E+00    0.000000E+00    0.000000E+00    0.000000E+00
  0.000000E+00    0.000000E+00    0.000000E+00    0.000000E+00    0.000000E+00    0.000000E+00    0.000000E+00    0.000000E+00    0.000000E+00    0.000000E+00    0.000000E+00    0.000000E+00    0.000000E+00    0.000000E+00    0.000000E+00    0.000000E+00    0.000000E+00    0.000000E+00    0.000000E+00    0.000000E+00    0.000000E+00    0.000000E+00    0.000000E+00    0.000000E+00
  0.000000E+00    0.000000E+00    0.000000E+00    0.000000E+00    0.000000E+00    0.000000E+00    0.000000E+00    0.000000E+00    0.000000E+00    0.000000E+00    0.000000E+00    0.000000E+00    0.000000E+00    0.000000E+00    0.000000E+00    0.000000E+00    0.000000E+00    0.000000E+00    0.000000E+00    0.000000E+00    0.000000E+00    0.000000E+00    0.000000E+00    0.000000E+00
  3.362325E+09    2.583108E+09    2.037538E+09    1.578613E+09    1.220814E+09    9.855781E+08    7.560654E+08    5.923062E+08    4.665976E+08    3.591608E+08    2.816545E+08    2.129006E+08    1.707321E+08    1.351471E+08    1.029658E+08    7.967180E+07    6.148423E+07    4.914448E+07    3.798887E+07    2.990077E+07    2.023677E+07    1.156799E+07    5.045036E+06    1.962472E+06
  0.000000E+00    0.000000E+00    0.000000E+00    0.000000E+00    0.000000E+00    0.000000E+00
  0.000000E+00    0.000000E+00    0.000000E+00    0.000000E+00    0.000000E+00    0.000000E+00
