  6.667204E-02    1.671140E-01    2.374374E-01    2.098903E-01    1.434909E-01    8.555179E-02    4.557782E-02    2.276863E-02    1.116072E-02    5.289229E-03    2.579779E-03    1.264265E-03    6.506587E-04    2.899983E-04    1.331453E-04    6.204895E-05    4.136642E-05    1.421986E-05    6.462264E-06    3.446980E-06    1.723716E-06    0.000000E+00    0.000000E+00    0.000000E+00
  1.269833E-01    1.546191E-01    1.580953E-01    1.855438E-01    2.062638E-01    2.466112E-01    2.841137E-01    3.236587E-01    3.547298E-01    3.954438E-01    4.291867E-01    4.696758E-01    5.497969E-01    5.151577E-01    5.606721E-01    5.583165E-01    6.076690E-01    5.187954E-01    5.790869E-01    5.407994E-01    6.313038E-01    6.188963E-01    6.012423E-01    5.339208E-01
  2.615042E-02    1.895961E-02    1.809422E-02    9.988604E-03    5.729274E-03    5.631551E-03    6.099711E-03    6.673327E-03    7.358353E-03    8.264419E-03    9.107616E-03    1.051312E-02    1.231660E-02    1.428109E-02    1.787175E-02    2.309741E-02    2.844151E-02    3.544270E-02    4.775549E-02    6.327288E-02    8.624626E-02    1.260625E-01    1.435862E-01    1.164677E-01
  2.502564E-13    2.108131E-13    2.138318E-13    1.208212E-13    7.080590E-14    7.026125E-14    7.642146E-14    8.396729E-14    9.338947E-14    1.055443E-13    1.164746E-13    1.342576E-13    1.570786E-13    1.819159E-13    2.276336E-13    2.941932E-13    3.622612E-13    4.514357E-13    6.082643E-13    8.059105E-13    1.098524E-12    1.605066E-12    1.826851E-12    1.481691E-12
  3.814427E-02    1.832188E-02    1.513416E-02    1.638140E-02    1.316640E-02    8.682465E-03    5.034459E-03    2.488199E-03    1.128329E-03    5.218433E-04    2.245465E-04    9.093784E-05    4.686796E-05    2.798087E-05    9.793306E-06    4.896653E-06    6.295697E-06    0.000000E+00    6.995218E-07    1.399044E-06    1.399044E-06    6.995218E-07    0.000000E+00    0.000000E+00
  0.000000E+00    7.231634E-02    2.860208E-02    1.288665E-02    1.243608E-02    9.841874E-03    5.885242E-03    2.743443E-03    1.203415E-03    5.130247E-04    2.026352E-04    8.939790E-05    4.672530E-05    2.407783E-05    6.675043E-06    4.052705E-06    1.191972E-06    1.191972E-06    2.383944E-07    0.000000E+00    4.767888E-07    0.000000E+00    0.000000E+00    0.000000E+00
  0.000000E+00    0.000000E+00    9.382989E-02    2.746832E-02    1.292843E-02    7.913882E-03    4.637662E-03    2.222288E-03    9.647460E-04    4.048447E-04    1.585651E-04    6.790797E-05    2.840817E-05    1.607155E-05    4.640378E-06    3.508579E-06    1.358159E-06    7.922597E-07    4.527198E-07    1.131800E-07    2.263599E-07    1.131800E-07    0.000000E+00    0.000000E+00
  0.000000E+00    0.000000E+00    0.000000E+00    1.298168E-01    2.852496E-02    9.144786E-03    6.696587E-03    3.777139E-03    1.557258E-03    5.885693E-04    2.373488E-04    1.000790E-04    4.868484E-05    1.732294E-05    8.948815E-06    3.283969E-06    1.724084E-06    7.388930E-07    3.283969E-07    4.925953E-07    1.641984E-07    0.000000E+00    0.000000E+00    0.000000E+00
  0.000000E+00    0.000000E+00    0.000000E+00    0.000000E+00    1.695256E-01    2.825310E-02    1.222744E-03    1.292174E-03    1.017293E-03    5.641131E-04    2.453541E-04    1.192959E-04    7.164980E-05    6.039645E-05    1.951270E-05    7.123683E-06    2.684286E-06    9.807970E-07    7.743134E-07    1.548627E-07    3.613463E-07    1.032418E-07    0.000000E+00    5.162089E-08
  0.000000E+00    0.000000E+00    0.000000E+00    0.000000E+00    0.000000E+00    2.101200E-01    3.242988E-02    2.986284E-04    1.414623E-04    6.315584E-05    3.298233E-05    1.429943E-05    5.362288E-06    1.957661E-06    6.383676E-07    2.553471E-07    2.553471E-07    0.000000E+00    4.255784E-08    0.000000E+00    4.255784E-08    4.255784E-08    0.000000E+00    0.000000E+00
  0.000000E+00    0.000000E+00    0.000000E+00    0.000000E+00    0.000000E+00    0.000000E+00    2.462293E-01    3.311458E-02    4.963325E-04    8.786824E-05    1.186658E-05    4.167193E-06    3.095629E-06    1.706565E-06    4.762506E-07    3.968755E-08    0.000000E+00    7.937510E-08    7.937510E-08    0.000000E+00    0.000000E+00    0.000000E+00    0.000000E+00    0.000000E+00
  0.000000E+00    0.000000E+00    0.000000E+00    0.000000E+00    0.000000E+00    0.000000E+00    0.000000E+00    2.875631E-01    3.115482E-02    3.038862E-04    1.187597E-04    4.542587E-05    1.747769E-05    8.054233E-06    2.577355E-06    1.127593E-06    2.416270E-07    1.208135E-07    8.054233E-08    0.000000E+00    0.000000E+00    0.000000E+00    0.000000E+00    0.000000E+00
  0.000000E+00    0.000000E+00    0.000000E+00    0.000000E+00    0.000000E+00    0.000000E+00    0.000000E+00    0.000000E+00    3.193655E-01    2.899636E-02    9.977141E-04    4.955839E-05    1.783751E-05    8.962688E-06    3.822323E-06    7.468906E-07    3.954127E-07    3.954127E-07    4.393474E-08    0.000000E+00    0.000000E+00    4.393474E-08    0.000000E+00    0.000000E+00
  0.000000E+00    0.000000E+00    0.000000E+00    0.000000E+00    0.000000E+00    0.000000E+00    0.000000E+00    0.000000E+00    0.000000E+00    3.596587E-01    2.753318E-02    9.927698E-04    4.885541E-04    1.897022E-04    6.414277E-06    2.512259E-06    1.603569E-07    2.672616E-07    5.345231E-08    0.000000E+00    0.000000E+00    0.000000E+00    0.000000E+00    0.000000E+00
  0.000000E+00    0.000000E+00    0.000000E+00    0.000000E+00    0.000000E+00    0.000000E+00    0.000000E+00    0.000000E+00    0.000000E+00    0.000000E+00    3.922162E-01    2.854271E-02    6.600558E-06    8.636900E-06    8.040041E-05    4.451865E-05    1.671205E-05    6.179245E-06    2.317217E-06    7.724057E-07    3.510935E-07    2.808748E-07    0.000000E+00    0.000000E+00
  0.000000E+00    0.000000E+00    0.000000E+00    0.000000E+00    0.000000E+00    0.000000E+00    0.000000E+00    0.000000E+00    0.000000E+00    0.000000E+00    0.000000E+00    4.292929E-01    3.011918E-02    2.633165E-04    5.004580E-05    0.000000E+00    0.000000E+00    0.000000E+00    0.000000E+00    0.000000E+00    0.000000E+00    0.000000E+00    0.000000E+00    0.000000E+00
  0.000000E+00    0.000000E+00    0.000000E+00    0.000000E+00    0.000000E+00    0.000000E+00    0.000000E+00    0.000000E+00    0.000000E+00    0.000000E+00    0.000000E+00    0.000000E+00    5.053283E-01    3.263982E-02    1.549823E-05    3.220937E-05    1.199428E-05    4.043017E-06    2.695345E-06    5.390690E-07    4.043017E-07    0.000000E+00    0.000000E+00    0.000000E+00
  0.000000E+00    0.000000E+00    0.000000E+00    0.000000E+00    0.000000E+00    0.000000E+00    0.000000E+00    0.000000E+00    0.000000E+00    0.000000E+00    0.000000E+00    0.000000E+00    0.000000E+00    4.692637E-01    3.268887E-02    0.000000E+00    0.000000E+00    0.000000E+00    0.000000E+00    0.000000E+00    0.000000E+00    0.000000E+00    0.000000E+00    0.000000E+00
  0.000000E+00    0.000000E+00    0.000000E+00    0.000000E+00    0.000000E+00    0.000000E+00    0.000000E+00    0.000000E+00    0.000000E+00    0.000000E+00    0.000000E+00    0.000000E+00    0.000000E+00    0.000000E+00    5.103384E-01    3.310700E-02    2.722839E-07    0.000000E+00    0.000000E+00    0.000000E+00    0.000000E+00    0.000000E+00    0.000000E+00    0.000000E+00
  0.000000E+00    0.000000E+00    0.000000E+00    0.000000E+00    0.000000E+00    0.000000E+00    0.000000E+00    0.000000E+00    0.000000E+00    0.000000E+00    0.000000E+00    0.000000E+00    0.000000E+00    0.000000E+00    0.000000E+00    5.066647E-01    3.135538E-02    0.000000E+00    0.000000E+00    0.000000E+00    0.000000E+00    0.000000E+00    0.000000E+00    0.000000E+00
  0.000000E+00    0.000000E+00    0.000000E+00    0.000000E+00    0.000000E+00    0.000000E+00    0.000000E+00    0.000000E+00    0.000000E+00    0.000000E+00    0.000000E+00    0.000000E+00    0.000000E+00    0.000000E+00    0.000000E+00    0.000000E+00    5.498997E-01    3.199044E-02    0.000000E+00    0.000000E+00    0.000000E+00    0.000000E+00    0.000000E+00    0.000000E+00
  0.000000E+00    0.000000E+00    0.000000E+00    0.000000E+00    0.000000E+00    0.000000E+00    0.000000E+00    0.000000E+00    0.000000E+00    0.000000E+00    0.000000E+00    0.000000E+00    0.000000E+00    0.000000E+00    0.000000E+00    0.000000E+00    0.000000E+00    4.586283E-01    2.647652E-02    0.000000E+00    0.000000E+00    0.000000E+00    0.000000E+00    0.000000E+00
  0.000000E+00    0.000000E+00    0.000000E+00    0.000000E+00    0.000000E+00    0.000000E+00    0.000000E+00    0.000000E+00    0.000000E+00    0.000000E+00    0.000000E+00    0.000000E+00    0.000000E+00    0.000000E+00    0.000000E+00    0.000000E+00    0.000000E+00    0.000000E+00    5.108182E-01    2.750245E-02    0.000000E+00    0.000000E+00    0.000000E+00    0.000000E+00
  0.000000E+00    0.000000E+00    0.000000E+00    0.000000E+00    0.000000E+00    0.000000E+00    0.000000E+00    0.000000E+00    0.000000E+00    0.000000E+00    0.000000E+00    0.000000E+00    0.000000E+00    0.000000E+00    0.000000E+00    0.000000E+00    0.000000E+00    0.000000E+00    0.000000E+00    4.610152E-01    2.946690E-02    0.000000E+00    0.000000E+00    0.000000E+00
  0.000000E+00    0.000000E+00    0.000000E+00    0.000000E+00    0.000000E+00    0.000000E+00    0.000000E+00    0.000000E+00    0.000000E+00    0.000000E+00    0.000000E+00    0.000000E+00    0.000000E+00    0.000000E+00    0.000000E+00    0.000000E+00    0.000000E+00    0.000000E+00    0.000000E+00    0.000000E+00    5.503716E-01    1.105129E-02    0.000000E+00    0.000000E+00
  0.000000E+00    0.000000E+00    0.000000E+00    0.000000E+00    0.000000E+00    0.000000E+00    0.000000E+00    0.000000E+00    0.000000E+00    0.000000E+00    0.000000E+00    0.000000E+00    0.000000E+00    0.000000E+00    0.000000E+00    0.000000E+00    0.000000E+00    0.000000E+00    0.000000E+00    0.000000E+00    0.000000E+00    5.073210E-01    4.332344E-03    0.000000E+00
  0.000000E+00    0.000000E+00    0.000000E+00    0.000000E+00    0.000000E+00    0.000000E+00    0.000000E+00    0.000000E+00    0.000000E+00    0.000000E+00    0.000000E+00    0.000000E+00    0.000000E+00    0.000000E+00    0.000000E+00    0.000000E+00    0.000000E+00    0.000000E+00    0.000000E+00    0.000000E+00    0.000000E+00    0.000000E+00    4.557402E-01    1.054774E-02
  0.000000E+00    0.000000E+00    0.000000E+00    0.000000E+00    0.000000E+00    0.000000E+00    0.000000E+00    0.000000E+00    0.000000E+00    0.000000E+00    0.000000E+00    0.000000E+00    0.000000E+00    0.000000E+00    0.000000E+00    0.000000E+00    0.000000E+00    0.000000E+00    0.000000E+00    0.000000E+00    0.000000E+00    0.000000E+00    1.167133E-03    4.596842E-01
  token
  0.000000E+00    0.000000E+00    0.000000E+00    6.452222E-02    1.591394E-01    2.043053E-01    2.365535E-01    1.290307E-01    7.742041E-02    7.096292E-02    2.580708E-02    1.505487E-02    1.075297E-02    2.150615E-03    0.000000E+00    0.000000E+00    0.000000E+00    2.148894E-03    0.000000E+00    0.000000E+00    2.151198E-03    0.000000E+00    0.000000E+00    0.000000E+00
  0.000000E+00    0.000000E+00    0.000000E+00    7.432186E-02    1.794854E-01    2.987736E-01    1.906375E-01    8.806995E-02    7.320606E-02    3.976220E-02    1.969626E-02    1.189182E-02    1.114826E-02    4.459557E-03    3.715934E-03    2.601612E-03    1.486644E-03    7.432712E-04    0.000000E+00    0.000000E+00    0.000000E+00    0.000000E+00    0.000000E+00    0.000000E+00
  0.000000E+00    0.000000E+00    4.669807E-03    4.130733E-02    1.857018E-01    2.485645E-01    2.033075E-01    1.321813E-01    7.614962E-02    4.202581E-02    2.478654E-02    1.616342E-02    1.113451E-02    2.873618E-03    4.309908E-03    2.155430E-03    1.795784E-03    7.183968E-04    1.077255E-03    1.077369E-03    0.000000E+00    0.000000E+00    0.000000E+00    0.000000E+00
  0.000000E+00    4.945141E-04    1.805108E-02    1.147388E-01    1.969576E-01    2.294777E-01    1.859549E-01    1.157260E-01    6.293279E-02    2.917775E-02    1.928688E-02    1.360133E-02    7.665581E-03    2.967226E-03    1.854938E-03    1.236510E-04    3.709517E-04    1.236665E-04    1.236386E-04    2.473089E-04    1.236415E-04    0.000000E+00    0.000000E+00    0.000000E+00
  0.000000E+00    1.061950E-03    2.796574E-02    8.530699E-02    1.674346E-01    2.392991E-01    1.854856E-01    1.309729E-01    7.468938E-02    4.247637E-02    1.734400E-02    1.132634E-02    1.026570E-02    3.893768E-03    1.415948E-03    3.539625E-04    7.076867E-04    0.000000E+00    0.000000E+00    0.000000E+00    0.000000E+00    0.000000E+00    0.000000E+00    0.000000E+00
  0.000000E+00    0.000000E+00    3.886924E-02    9.422740E-02    1.495824E-01    1.884561E-01    2.002460E-01    1.319196E-01    8.127393E-02    3.651223E-02    3.062407E-02    1.766469E-02    2.355806E-02    7.066311E-03    0.000000E+00    0.000000E+00    0.000000E+00    0.000000E+00    0.000000E+00    0.000000E+00    0.000000E+00    0.000000E+00    0.000000E+00    0.000000E+00
  3.358685E+09    2.591072E+09    2.051556E+09    1.594458E+09    1.222665E+09    9.896828E+08    7.528184E+08    5.924982E+08    4.628930E+08    3.592047E+08    2.809107E+08    2.155430E+08    1.705811E+08    1.342004E+08    1.035498E+08    8.042109E+07    6.229964E+07    4.922801E+07    3.814870E+07    2.988286E+07    2.069180E+07    1.188332E+07    4.638578E+06    1.953768E+06
  2.003696E-04    1.159550E-03    1.199619E-03    3.485092E-03    1.217289E-03    3.658253E-04
  1.291001E-02    3.230491E-02    1.089102E-01    3.260487E-01    1.330013E+00    9.593545E+00
