  6.656049E-02    1.674044E-01    2.372417E-01    2.095859E-01    1.438253E-01    8.554597E-02    4.545907E-02    2.278874E-02    1.119264E-02    5.397904E-03    2.570519E-03    1.271409E-03    6.091323E-04    2.817942E-04    1.404920E-04    6.190287E-05    3.127495E-05    1.814893E-05    6.481676E-06    3.402798E-06    1.944476E-06    9.723524E-07    3.240770E-07    0.000000E+00
  1.270206E-01    1.546543E-01    1.581066E-01    1.855209E-01    2.062453E-01    2.463252E-01    2.843162E-01    3.239830E-01    3.549243E-01    3.956176E-01    4.292134E-01    4.720713E-01    5.498891E-01    5.151867E-01    5.607343E-01    5.581669E-01    6.096292E-01    5.174892E-01    5.786928E-01    5.377176E-01    6.394231E-01    6.071711E-01    5.827095E-01    5.272166E-01
  2.610475E-02    1.895738E-02    1.809518E-02    1.000122E-02    5.727685E-03    5.630834E-03    6.099948E-03    6.673315E-03    7.359027E-03    8.263833E-03    9.106827E-03    1.050369E-02    1.231923E-02    1.428004E-02    1.785683E-02    2.306690E-02    2.835437E-02    3.536571E-02    4.724657E-02    6.330491E-02    8.450483E-02    1.176127E-01    1.319605E-01    1.033086E-01
  2.499232E-13    2.108098E-13    2.138372E-13    1.209718E-13    7.078798E-14    7.025183E-14    7.642453E-14    8.396713E-14    9.339861E-14    1.055366E-13    1.164646E-13    1.341383E-13    1.571121E-13    1.819027E-13    2.274435E-13    2.938045E-13    3.611513E-13    4.504551E-13    6.017821E-13    8.063184E-13    1.076343E-12    1.497579E-12    1.678957E-12    1.314282E-12
  3.782708E-02    1.821695E-02    1.525346E-02    1.640367E-02    1.311881E-02    8.664646E-03    4.912018E-03    2.421763E-03    1.146981E-03    4.754686E-04    2.131668E-04    9.454778E-05    4.119405E-05    1.737098E-05    8.437335E-06    3.722353E-06    2.729726E-06    1.240784E-06    9.926276E-07    4.963138E-07    1.737098E-06    7.444707E-07    0.000000E+00    0.000000E+00
  0.000000E+00    7.225810E-02    2.865835E-02    1.280044E-02    1.242342E-02    9.773433E-03    5.883392E-03    2.735343E-03    1.215174E-03    5.041365E-04    2.120460E-04    9.016595E-05    4.124523E-05    1.830310E-05    9.699799E-06    4.723380E-06    1.855614E-06    8.434607E-07    8.434607E-07    3.373843E-07    2.530382E-07    2.530382E-07    0.000000E+00    0.000000E+00
  0.000000E+00    0.000000E+00    9.380239E-02    2.737128E-02    1.298007E-02    7.924918E-03    4.624439E-03    2.209440E-03    9.598020E-04    3.928345E-04    1.564886E-04    7.001958E-05    3.130568E-05    1.465711E-05    6.930266E-06    3.823595E-06    1.354190E-06    5.974367E-07    2.788038E-07    1.991456E-07    1.991456E-07    1.194873E-07    3.982911E-08    0.000000E+00
  0.000000E+00    0.000000E+00    0.000000E+00    1.301064E-01    2.844686E-02    9.149552E-03    6.679861E-03    3.769549E-03    1.525973E-03    5.803426E-04    2.351770E-04    1.060801E-04    4.475978E-05    1.928202E-05    8.685597E-06    3.503191E-06    1.823975E-06    5.211358E-07    4.632318E-07    3.184719E-07    2.316159E-07    2.605679E-07    5.790398E-08    0.000000E+00
  0.000000E+00    0.000000E+00    0.000000E+00    0.000000E+00    1.696647E-01    2.826615E-02    1.217259E-03    1.280466E-03    1.023580E-03    5.758032E-04    2.413654E-04    1.168160E-04    6.396807E-05    5.848043E-05    2.041110E-05    5.723077E-06    2.716651E-06    9.236612E-07    5.433301E-07    2.535541E-07    2.173320E-07    9.055502E-08    0.000000E+00    0.000000E+00
  0.000000E+00    0.000000E+00    0.000000E+00    0.000000E+00    0.000000E+00    2.101478E-01    3.212537E-02    2.944239E-04    1.398197E-04    6.476843E-05    3.176694E-05    1.431771E-05    5.179066E-06    1.987316E-06    6.774941E-07    3.161639E-07    1.354988E-07    3.011085E-08    7.527712E-08    3.011085E-08    4.516627E-08    3.011085E-08    0.000000E+00    0.000000E+00
  0.000000E+00    0.000000E+00    0.000000E+00    0.000000E+00    0.000000E+00    0.000000E+00    2.464478E-01    3.326551E-02    4.914141E-04    8.959941E-05    1.070461E-05    4.489948E-06    2.865014E-06    1.567918E-06    7.269440E-07    1.710456E-07    8.552282E-08    2.850761E-08    0.000000E+00    1.425380E-08    1.425380E-08    0.000000E+00    0.000000E+00    0.000000E+00
  0.000000E+00    0.000000E+00    0.000000E+00    0.000000E+00    0.000000E+00    0.000000E+00    0.000000E+00    2.876165E-01    3.125165E-02    3.007310E-04    1.238828E-04    4.673250E-05    1.622856E-05    7.798324E-06    2.541995E-06    8.904164E-07    3.446773E-07    8.616933E-08    5.744622E-08    1.436155E-08    1.436155E-08    0.000000E+00    0.000000E+00    0.000000E+00
  0.000000E+00    0.000000E+00    0.000000E+00    0.000000E+00    0.000000E+00    0.000000E+00    0.000000E+00    0.000000E+00    3.192047E-01    2.905708E-02    1.008962E-03    4.906995E-05    1.875506E-05    8.397082E-06    3.921801E-06    9.962640E-07    4.111566E-07    1.423234E-07    7.906857E-08    9.488228E-08    0.000000E+00    1.581371E-08    0.000000E+00    0.000000E+00
  0.000000E+00    0.000000E+00    0.000000E+00    0.000000E+00    0.000000E+00    0.000000E+00    0.000000E+00    0.000000E+00    0.000000E+00    3.597543E-01    2.745225E-02    9.953172E-04    4.862283E-04    1.869437E-04    7.050447E-06    2.097654E-06    7.769087E-07    2.330726E-07    1.942272E-08    1.942272E-08    1.942272E-08    0.000000E+00    0.000000E+00    0.000000E+00
  0.000000E+00    0.000000E+00    0.000000E+00    0.000000E+00    0.000000E+00    0.000000E+00    0.000000E+00    0.000000E+00    0.000000E+00    0.000000E+00    3.922374E-01    2.859970E-02    6.923096E-06    8.512844E-06    8.038484E-05    4.307704E-05    1.725646E-05    7.128225E-06    2.153852E-06    7.179507E-07    8.205151E-07    1.025644E-07    0.000000E+00    0.000000E+00
  0.000000E+00    0.000000E+00    0.000000E+00    0.000000E+00    0.000000E+00    0.000000E+00    0.000000E+00    0.000000E+00    0.000000E+00    0.000000E+00    0.000000E+00    4.320498E-01    2.958336E-02    2.600022E-04    4.947005E-05    0.000000E+00    0.000000E+00    0.000000E+00    0.000000E+00    0.000000E+00    0.000000E+00    0.000000E+00    0.000000E+00    0.000000E+00
  0.000000E+00    0.000000E+00    0.000000E+00    0.000000E+00    0.000000E+00    0.000000E+00    0.000000E+00    0.000000E+00    0.000000E+00    0.000000E+00    0.000000E+00    0.000000E+00    5.052654E-01    3.266249E-02    1.726755E-05    3.131659E-05    1.088162E-05    4.035907E-06    1.890235E-06    6.130491E-07    5.108742E-07    1.021748E-07    0.000000E+00    0.000000E+00
  0.000000E+00    0.000000E+00    0.000000E+00    0.000000E+00    0.000000E+00    0.000000E+00    0.000000E+00    0.000000E+00    0.000000E+00    0.000000E+00    0.000000E+00    0.000000E+00    0.000000E+00    4.685413E-01    3.275098E-02    0.000000E+00    0.000000E+00    0.000000E+00    0.000000E+00    0.000000E+00    0.000000E+00    0.000000E+00    0.000000E+00    0.000000E+00
  0.000000E+00    0.000000E+00    0.000000E+00    0.000000E+00    0.000000E+00    0.000000E+00    0.000000E+00    0.000000E+00    0.000000E+00    0.000000E+00    0.000000E+00    0.000000E+00    0.000000E+00    0.000000E+00    5.111847E-01    3.261114E-02    0.000000E+00    0.000000E+00    0.000000E+00    0.000000E+00    0.000000E+00    0.000000E+00    0.000000E+00    0.000000E+00
  0.000000E+00    0.000000E+00    0.000000E+00    0.000000E+00    0.000000E+00    0.000000E+00    0.000000E+00    0.000000E+00    0.000000E+00    0.000000E+00    0.000000E+00    0.000000E+00    0.000000E+00    0.000000E+00    0.000000E+00    5.072108E-01    3.023679E-02    0.000000E+00    0.000000E+00    0.000000E+00    0.000000E+00    0.000000E+00    0.000000E+00    0.000000E+00
  0.000000E+00    0.000000E+00    0.000000E+00    0.000000E+00    0.000000E+00    0.000000E+00    0.000000E+00    0.000000E+00    0.000000E+00    0.000000E+00    0.000000E+00    0.000000E+00    0.000000E+00    0.000000E+00    0.000000E+00    0.000000E+00    5.530155E-01    2.981458E-02    0.000000E+00    0.000000E+00    0.000000E+00    0.000000E+00    0.000000E+00    0.000000E+00
  0.000000E+00    0.000000E+00    0.000000E+00    0.000000E+00    0.000000E+00    0.000000E+00    0.000000E+00    0.000000E+00    0.000000E+00    0.000000E+00    0.000000E+00    0.000000E+00    0.000000E+00    0.000000E+00    0.000000E+00    0.000000E+00    0.000000E+00    4.590526E-01    2.525968E-02    0.000000E+00    0.000000E+00    0.000000E+00    0.000000E+00    0.000000E+00
  0.000000E+00    0.000000E+00    0.000000E+00    0.000000E+00    0.000000E+00    0.000000E+00    0.000000E+00    0.000000E+00    0.000000E+00    0.000000E+00    0.000000E+00    0.000000E+00    0.000000E+00    0.000000E+00    0.000000E+00    0.000000E+00    0.000000E+00    0.000000E+00    5.109343E-01    2.523615E-02    0.000000E+00    0.000000E+00    0.000000E+00    0.000000E+00
  0.000000E+00    0.000000E+00    0.000000E+00    0.000000E+00    0.000000E+00    0.000000E+00    0.000000E+00    0.000000E+00    0.000000E+00    0.000000E+00    0.000000E+00    0.000000E+00    0.000000E+00    0.000000E+00    0.000000E+00    0.000000E+00    0.000000E+00    0.000000E+00    0.000000E+00    4.625763E-01    2.850577E-02    0.000000E+00    0.000000E+00    0.000000E+00
  0.000000E+00    0.000000E+00    0.000000E+00    0.000000E+00    0.000000E+00    0.000000E+00    0.000000E+00    0.000000E+00    0.000000E+00    0.000000E+00    0.000000E+00    0.000000E+00    0.000000E+00    0.000000E+00    0.000000E+00    0.000000E+00    0.000000E+00    0.000000E+00    0.000000E+00    0.000000E+00    5.626016E-01    8.769687E-03    0.000000E+00    0.000000E+00
  0.000000E+00    0.000000E+00    0.000000E+00    0.000000E+00    0.000000E+00    0.000000E+00    0.000000E+00    0.000000E+00    0.000000E+00    0.000000E+00    0.000000E+00    0.000000E+00    0.000000E+00    0.000000E+00    0.000000E+00    0.000000E+00    0.000000E+00    0.000000E+00    0.000000E+00    0.000000E+00    0.000000E+00    5.050543E-01    3.059345E-03    0.000000E+00
  0.000000E+00    0.000000E+00    0.000000E+00    0.000000E+00    0.000000E+00    0.000000E+00    0.000000E+00    0.000000E+00    0.000000E+00    0.000000E+00    0.000000E+00    0.000000E+00    0.000000E+00    0.000000E+00    0.000000E+00    0.000000E+00    0.000000E+00    0.000000E+00    0.000000E+00    0.000000E+00    0.000000E+00    0.000000E+00    4.495511E-01    1.163165E-02
  0.000000E+00    0.000000E+00    0.000000E+00    0.000000E+00    0.000000E+00    0.000000E+00    0.000000E+00    0.000000E+00    0.000000E+00    0.000000E+00    0.000000E+00    0.000000E+00    0.000000E+00    0.000000E+00    0.000000E+00    0.000000E+00    0.000000E+00    0.000000E+00    0.000000E+00    0.000000E+00    0.000000E+00    0.000000E+00    7.718075E-04    4.539969E-01
  token
  0.000000E+00    0.000000E+00    0.000000E+00    6.254982E-02    1.428623E-01    2.293415E-01    2.115834E-01    1.528969E-01    6.177395E-02    6.563538E-02    2.393842E-02    2.470866E-02    1.775989E-02    5.405179E-03    1.544533E-03    0.000000E+00    0.000000E+00    0.000000E+00    0.000000E+00    0.000000E+00    0.000000E+00    0.000000E+00    0.000000E+00    0.000000E+00
  0.000000E+00    0.000000E+00    1.347429E-04    7.127461E-02    1.872804E-01    2.828077E-01    1.996789E-01    8.272736E-02    7.733727E-02    4.365426E-02    2.209522E-02    1.279981E-02    7.275718E-03    5.389298E-03    3.907177E-03    1.077965E-03    8.082868E-04    8.082377E-04    4.040838E-04    2.694649E-04    0.000000E+00    2.694967E-04    0.000000E+00    0.000000E+00
  0.000000E+00    0.000000E+00    3.386868E-03    3.725369E-02    2.022468E-01    2.497956E-01    1.972387E-01    1.305866E-01    8.168551E-02    3.928467E-02    2.438379E-02    1.503646E-02    9.617963E-03    3.657469E-03    2.167871E-03    1.896552E-03    9.486333E-04    6.772855E-04    0.000000E+00    0.000000E+00    1.354576E-04    0.000000E+00    0.000000E+00    0.000000E+00
  0.000000E+00    3.652567E-04    1.990687E-02    1.108115E-01    1.982463E-01    2.436313E-01    1.800289E-01    1.136884E-01    5.853307E-02    3.127635E-02    1.812621E-02    1.173386E-02    6.940093E-03    2.922190E-03    1.187171E-03    1.004454E-03    5.478440E-04    5.935412E-04    9.133105E-05    4.565955E-05    9.131178E-05    1.369786E-04    9.131199E-05    0.000000E+00
  0.000000E+00    1.568606E-03    2.575088E-02    8.130830E-02    1.669286E-01    2.366014E-01    2.015689E-01    1.318953E-01    6.731895E-02    4.039244E-02    1.830038E-02    1.045736E-02    1.058877E-02    4.444123E-03    1.307299E-03    9.151123E-04    1.306584E-04    1.307351E-04    0.000000E+00    2.614488E-04    1.307277E-04    0.000000E+00    0.000000E+00    0.000000E+00
  0.000000E+00    1.215899E-03    4.256071E-02    9.201767E-02    1.653813E-01    2.030786E-01    1.852442E-01    1.232271E-01    8.715249E-02    4.337388E-02    2.229336E-02    1.297116E-02    1.580852E-02    4.458975E-03    4.054419E-04    8.107516E-04    0.000000E+00    0.000000E+00    0.000000E+00    0.000000E+00    0.000000E+00    0.000000E+00    0.000000E+00    0.000000E+00
  3.357022E+09    2.590469E+09    2.051956E+09    1.594926E+09    1.222331E+09    9.900003E+08    7.527372E+08    5.925034E+08    4.628009E+08    3.592522E+08    2.809717E+08    2.158309E+08    1.705578E+08    1.342123E+08    1.036375E+08    8.056305E+07    6.246403E+07    4.934621E+07    3.829417E+07    2.996475E+07    2.120554E+07    1.233315E+07    4.753782E+06    1.976448E+06
  2.098469E-04    1.202703E-03    1.196221E-03    3.549118E-03    1.239644E-03    3.997662E-04
  1.231711E-02    3.129856E-02    1.100564E-01    3.235740E-01    1.329398E+00    8.918826E+00
