  6.648323E-02    1.669283E-01    2.380780E-01    2.092133E-01    1.439883E-01    8.572181E-02    4.522098E-02    2.276540E-02    1.134459E-02    5.419490E-03    2.517103E-03    1.212602E-03    5.789127E-04    2.747893E-04    1.183259E-04    6.649703E-05    3.227067E-05    1.271476E-05    1.369135E-05    6.846027E-06    1.955990E-06    9.780289E-07    0.000000E+00    0.000000E+00
  1.272989E-01    1.544008E-01    1.581030E-01    1.856218E-01    2.062808E-01    2.476424E-01    2.834260E-01    3.229102E-01    3.531116E-01    3.942270E-01    4.288181E-01    4.612576E-01    5.495514E-01    5.150689E-01    5.615613E-01    5.586729E-01    6.053849E-01    5.231388E-01    5.830602E-01    5.410666E-01    6.279859E-01    6.264898E-01    6.094896E-01    5.360263E-01
  2.616687E-02    1.895960E-02    1.809062E-02    9.949811E-03    5.732465E-03    5.633581E-03    6.097663E-03    6.672734E-03    7.352675E-03    8.264236E-03    9.105916E-03    1.054133E-02    1.231165E-02    1.428248E-02    1.791700E-02    2.315650E-02    2.865424E-02    3.563796E-02    4.810983E-02    6.318354E-02    8.778498E-02    1.312173E-01    1.533915E-01    1.261574E-01
  2.503630E-13    2.108159E-13    2.138089E-13    1.203576E-13    7.084341E-14    7.028779E-14    7.639483E-14    8.395940E-14    9.331211E-14    1.055419E-13    1.164532E-13    1.346144E-13    1.570162E-13    1.819334E-13    2.282099E-13    2.949457E-13    3.649708E-13    4.539227E-13    6.127775E-13    8.047725E-13    1.118123E-12    1.670658E-12    1.951603E-12    1.604962E-12
  3.809710E-02    1.824603E-02    1.505670E-02    1.641123E-02    1.305528E-02    8.625110E-03    5.037848E-03    2.534606E-03    1.093821E-03    4.567388E-04    1.901445E-04    1.195754E-04    4.508580E-05    9.801261E-06    5.880757E-06    3.920504E-06    1.960252E-06    1.960252E-06    0.000000E+00    0.000000E+00    0.000000E+00    0.000000E+00    0.000000E+00    0.000000E+00
  0.000000E+00    7.263590E-02    2.888689E-02    1.280153E-02    1.234690E-02    9.805130E-03    5.842383E-03    2.653919E-03    1.177207E-03    5.103691E-04    2.155638E-04    9.401536E-05    3.760614E-05    1.880307E-05    6.043844E-06    1.343077E-06    2.014615E-06    0.000000E+00    0.000000E+00    6.715383E-07    0.000000E+00    6.715383E-07    0.000000E+00    0.000000E+00
  0.000000E+00    0.000000E+00    9.367519E-02    2.752816E-02    1.297654E-02    7.924558E-03    4.652902E-03    2.188612E-03    9.536117E-04    3.971796E-04    1.643283E-04    7.042642E-05    2.759954E-05    9.834319E-06    5.393014E-06    3.489597E-06    1.586181E-06    3.172361E-07    0.000000E+00    0.000000E+00    0.000000E+00    3.172361E-07    0.000000E+00    0.000000E+00
  0.000000E+00    0.000000E+00    0.000000E+00    1.298651E-01    2.904226E-02    9.038334E-03    6.688115E-03    3.765111E-03    1.528776E-03    5.898570E-04    2.367514E-04    9.726126E-05    5.525697E-05    2.088983E-05    7.861764E-06    2.920084E-06    2.695462E-06    1.572353E-06    6.738655E-07    0.000000E+00    2.246218E-07    0.000000E+00    0.000000E+00    0.000000E+00
  0.000000E+00    0.000000E+00    0.000000E+00    0.000000E+00    1.691605E-01    2.860750E-02    1.252582E-03    1.301341E-03    1.008651E-03    5.794945E-04    2.337033E-04    1.270797E-04    6.669231E-05    5.884616E-05    1.961539E-05    6.304945E-06    3.082418E-06    9.807693E-07    5.604396E-07    2.802198E-07    2.802198E-07    0.000000E+00    1.401099E-07    0.000000E+00
  0.000000E+00    0.000000E+00    0.000000E+00    0.000000E+00    0.000000E+00    2.103714E-01    3.321063E-02    3.028166E-04    1.381211E-04    6.889651E-05    3.160491E-05    1.541969E-05    4.921179E-06    1.968472E-06    3.280786E-07    3.280786E-07    2.187191E-07    0.000000E+00    0.000000E+00    1.093595E-07    0.000000E+00    0.000000E+00    0.000000E+00    0.000000E+00
  0.000000E+00    0.000000E+00    0.000000E+00    0.000000E+00    0.000000E+00    0.000000E+00    2.464547E-01    3.243170E-02    5.018206E-04    9.061334E-05    1.290255E-05    5.712580E-06    2.856290E-06    1.280406E-06    5.909566E-07    2.954783E-07    0.000000E+00    0.000000E+00    0.000000E+00    0.000000E+00    0.000000E+00    0.000000E+00    0.000000E+00    0.000000E+00
  0.000000E+00    0.000000E+00    0.000000E+00    0.000000E+00    0.000000E+00    0.000000E+00    0.000000E+00    2.867646E-01    3.065319E-02    3.076447E-04    1.232451E-04    4.399382E-05    1.716071E-05    7.384305E-06    3.744155E-06    1.248052E-06    3.120129E-07    2.080086E-07    2.080086E-07    0.000000E+00    0.000000E+00    0.000000E+00    0.000000E+00    0.000000E+00
  0.000000E+00    0.000000E+00    0.000000E+00    0.000000E+00    0.000000E+00    0.000000E+00    0.000000E+00    0.000000E+00    3.181873E-01    2.805783E-02    9.711450E-04    5.192000E-05    1.675899E-05    7.667511E-06    4.271899E-06    6.572152E-07    3.286076E-07    1.095359E-07    1.095359E-07    0.000000E+00    0.000000E+00    0.000000E+00    0.000000E+00    0.000000E+00
  0.000000E+00    0.000000E+00    0.000000E+00    0.000000E+00    0.000000E+00    0.000000E+00    0.000000E+00    0.000000E+00    0.000000E+00    3.587406E-01    2.737073E-02    9.897631E-04    4.944212E-04    1.894032E-04    5.787319E-06    2.893660E-06    5.261199E-07    3.945900E-07    0.000000E+00    0.000000E+00    0.000000E+00    0.000000E+00    0.000000E+00    0.000000E+00
  0.000000E+00    0.000000E+00    0.000000E+00    0.000000E+00    0.000000E+00    0.000000E+00    0.000000E+00    0.000000E+00    0.000000E+00    0.000000E+00    3.925407E-01    2.798232E-02    6.549886E-06    7.239347E-06    7.894336E-05    4.154006E-05    1.878783E-05    6.032789E-06    2.585481E-06    6.894616E-07    3.447308E-07    0.000000E+00    0.000000E+00    0.000000E+00
  0.000000E+00    0.000000E+00    0.000000E+00    0.000000E+00    0.000000E+00    0.000000E+00    0.000000E+00    0.000000E+00    0.000000E+00    0.000000E+00    0.000000E+00    4.199685E-01    3.104117E-02    2.826625E-04    5.106571E-05    0.000000E+00    0.000000E+00    0.000000E+00    0.000000E+00    0.000000E+00    0.000000E+00    0.000000E+00    0.000000E+00    0.000000E+00
  0.000000E+00    0.000000E+00    0.000000E+00    0.000000E+00    0.000000E+00    0.000000E+00    0.000000E+00    0.000000E+00    0.000000E+00    0.000000E+00    0.000000E+00    0.000000E+00    5.046290E-01    3.260471E-02    1.890768E-05    3.277331E-05    8.823583E-06    3.781535E-06    1.575640E-06    1.260512E-06    0.000000E+00    3.151280E-07    0.000000E+00    0.000000E+00
  0.000000E+00    0.000000E+00    0.000000E+00    0.000000E+00    0.000000E+00    0.000000E+00    0.000000E+00    0.000000E+00    0.000000E+00    0.000000E+00    0.000000E+00    0.000000E+00    0.000000E+00    4.696336E-01    3.195950E-02    0.000000E+00    0.000000E+00    0.000000E+00    0.000000E+00    0.000000E+00    0.000000E+00    0.000000E+00    0.000000E+00    0.000000E+00
  0.000000E+00    0.000000E+00    0.000000E+00    0.000000E+00    0.000000E+00    0.000000E+00    0.000000E+00    0.000000E+00    0.000000E+00    0.000000E+00    0.000000E+00    0.000000E+00    0.000000E+00    0.000000E+00    5.117476E-01    3.447657E-02    0.000000E+00    0.000000E+00    0.000000E+00    0.000000E+00    0.000000E+00    0.000000E+00    0.000000E+00    0.000000E+00
  0.000000E+00    0.000000E+00    0.000000E+00    0.000000E+00    0.000000E+00    0.000000E+00    0.000000E+00    0.000000E+00    0.000000E+00    0.000000E+00    0.000000E+00    0.000000E+00    0.000000E+00    0.000000E+00    0.000000E+00    5.039313E-01    3.379817E-02    0.000000E+00    0.000000E+00    0.000000E+00    0.000000E+00    0.000000E+00    0.000000E+00    0.000000E+00
  0.000000E+00    0.000000E+00    0.000000E+00    0.000000E+00    0.000000E+00    0.000000E+00    0.000000E+00    0.000000E+00    0.000000E+00    0.000000E+00    0.000000E+00    0.000000E+00    0.000000E+00    0.000000E+00    0.000000E+00    0.000000E+00    5.420461E-01    3.515741E-02    0.000000E+00    0.000000E+00    0.000000E+00    0.000000E+00    0.000000E+00    0.000000E+00
  0.000000E+00    0.000000E+00    0.000000E+00    0.000000E+00    0.000000E+00    0.000000E+00    0.000000E+00    0.000000E+00    0.000000E+00    0.000000E+00    0.000000E+00    0.000000E+00    0.000000E+00    0.000000E+00    0.000000E+00    0.000000E+00    0.000000E+00    4.613356E-01    2.783840E-02    0.000000E+00    0.000000E+00    0.000000E+00    0.000000E+00    0.000000E+00
  0.000000E+00    0.000000E+00    0.000000E+00    0.000000E+00    0.000000E+00    0.000000E+00    0.000000E+00    0.000000E+00    0.000000E+00    0.000000E+00    0.000000E+00    0.000000E+00    0.000000E+00    0.000000E+00    0.000000E+00    0.000000E+00    0.000000E+00    0.000000E+00    5.087376E-01    2.903181E-02    0.000000E+00    0.000000E+00    0.000000E+00    0.000000E+00
  0.000000E+00    0.000000E+00    0.000000E+00    0.000000E+00    0.000000E+00    0.000000E+00    0.000000E+00    0.000000E+00    0.000000E+00    0.000000E+00    0.000000E+00    0.000000E+00    0.000000E+00    0.000000E+00    0.000000E+00    0.000000E+00    0.000000E+00    0.000000E+00    0.000000E+00    4.623793E-01    2.975881E-02    0.000000E+00    0.000000E+00    0.000000E+00
  0.000000E+00    0.000000E+00    0.000000E+00    0.000000E+00    0.000000E+00    0.000000E+00    0.000000E+00    0.000000E+00    0.000000E+00    0.000000E+00    0.000000E+00    0.000000E+00    0.000000E+00    0.000000E+00    0.000000E+00    0.000000E+00    0.000000E+00    0.000000E+00    0.000000E+00    0.000000E+00    5.448458E-01    1.215206E-02    0.000000E+00    0.000000E+00
  0.000000E+00    0.000000E+00    0.000000E+00    0.000000E+00    0.000000E+00    0.000000E+00    0.000000E+00    0.000000E+00    0.000000E+00    0.000000E+00    0.000000E+00    0.000000E+00    0.000000E+00    0.000000E+00    0.000000E+00    0.000000E+00    0.000000E+00    0.000000E+00    0.000000E+00    0.000000E+00    0.000000E+00    5.045056E-01    4.857875E-03    0.000000E+00
  0.000000E+00    0.000000E+00    0.000000E+00    0.000000E+00    0.000000E+00    0.000000E+00    0.000000E+00    0.000000E+00    0.000000E+00    0.000000E+00    0.000000E+00    0.000000E+00    0.000000E+00    0.000000E+00    0.000000E+00    0.000000E+00    0.000000E+00    0.000000E+00    0.000000E+00    0.000000E+00    0.000000E+00    0.000000E+00    4.561136E-01    7.064139E-03
  0.000000E+00    0.000000E+00    0.000000E+00    0.000000E+00    0.000000E+00    0.000000E+00    0.000000E+00    0.000000E+00    0.000000E+00    0.000000E+00    0.000000E+00    0.000000E+00    0.000000E+00    0.000000E+00    0.000000E+00    0.000000E+00    0.000000E+00    0.000000E+00    0.000000E+00    0.000000E+00    0.000000E+00    0.000000E+00    1.190993E-03    4.477506E-01
  token
  0.000000E+00    0.000000E+00    0.000000E+00    4.761882E-02    1.142884E-01    2.619004E-01    2.095313E-01    1.238136E-01    9.048122E-02    5.714328E-02    3.809035E-02    3.332870E-02    9.521752E-03    1.428216E-02    0.000000E+00    0.000000E+00    0.000000E+00    0.000000E+00    0.000000E+00    0.000000E+00    0.000000E+00    0.000000E+00    0.000000E+00    0.000000E+00
  0.000000E+00    0.000000E+00    0.000000E+00    6.570443E-02    1.936871E-01    2.883948E-01    1.919776E-01    9.215034E-02    8.447214E-02    3.668365E-02    2.218431E-02    9.386335E-03    4.266410E-03    6.825937E-03    1.706768E-03    8.535322E-04    0.000000E+00    0.000000E+00    8.532340E-04    8.534632E-04    0.000000E+00    0.000000E+00    0.000000E+00    0.000000E+00
  0.000000E+00    0.000000E+00    3.384374E-03    3.468809E-02    1.945820E-01    2.445043E-01    2.208110E-01    1.167508E-01    7.191005E-02    5.583732E-02    2.368868E-02    1.523129E-02    7.613953E-03    1.691966E-03    3.383908E-03    3.383855E-03    1.692178E-03    0.000000E+00    8.461185E-04    0.000000E+00    0.000000E+00    0.000000E+00    0.000000E+00    0.000000E+00
  0.000000E+00    2.822787E-04    2.850738E-02    9.963288E-02    2.074501E-01    2.401943E-01    1.769673E-01    1.157208E-01    6.068271E-02    2.878956E-02    1.580530E-02    1.467781E-02    5.644288E-03    2.822602E-03    8.470306E-04    5.645098E-04    2.819122E-04    2.824784E-04    2.822456E-04    5.645086E-04    0.000000E+00    0.000000E+00    0.000000E+00    0.000000E+00
  0.000000E+00    0.000000E+00    2.449226E-02    8.108009E-02    1.765174E-01    2.331106E-01    1.934128E-01    1.216255E-01    8.699650E-02    4.391540E-02    1.858111E-02    6.756485E-03    1.097768E-02    0.000000E+00    8.447117E-04    0.000000E+00    8.448328E-04    0.000000E+00    8.446613E-04    0.000000E+00    0.000000E+00    0.000000E+00    0.000000E+00    0.000000E+00
  0.000000E+00    0.000000E+00    4.166762E-02    1.145839E-01    1.458384E-01    2.525996E-01    1.458378E-01    1.354129E-01    6.770309E-02    4.165965E-02    1.041724E-02    1.823004E-02    1.563233E-02    1.041740E-02    0.000000E+00    0.000000E+00    0.000000E+00    0.000000E+00    0.000000E+00    0.000000E+00    0.000000E+00    0.000000E+00    0.000000E+00    0.000000E+00
  3.359344E+09    2.590993E+09    2.050223E+09    1.593009E+09    1.222765E+09    9.888693E+08    7.536581E+08    5.925850E+08    4.637171E+08    3.592075E+08    2.809458E+08    2.147134E+08    1.707320E+08    1.342612E+08    1.033419E+08    8.006857E+07    6.198733E+07    4.911879E+07    3.802319E+07    2.984479E+07    2.039241E+07    1.170796E+07    4.751860E+06    1.944356E+06
  2.053558E-04    1.146103E-03    1.155887E-03    3.464671E-03    1.157847E-03    3.755208E-04
  1.262688E-02    3.223716E-02    1.106074E-01    3.181821E-01    1.327978E+00    8.927780E+00
