  6.712584E-02    1.673413E-01    2.376152E-01    2.093085E-01    1.438550E-01    8.512253E-02    4.564662E-02    2.274046E-02    1.101879E-02    5.307191E-03    2.576093E-03    1.215241E-03    5.856200E-04    2.891450E-04    1.288566E-04    6.285641E-05    3.666707E-05    1.361874E-05    6.286332E-06    2.095192E-06    2.095059E-06    0.000000E+00    0.000000E+00    0.000000E+00
  1.276592E-01    1.541641E-01    1.579820E-01    1.857637E-01    2.063263E-01    2.477662E-01    2.834265E-01    3.227978E-01    3.528544E-01    3.940692E-01    4.289645E-01    4.618130E-01    5.498033E-01    5.145769E-01    5.624416E-01    5.582027E-01    6.060123E-01    5.226569E-01    5.837428E-01    5.412852E-01    6.279962E-01    6.302880E-01    6.073723E-01    5.381530E-01
  2.613218E-02    1.896079E-02    1.808992E-02    9.945543E-03    5.732150E-03    5.633623E-03    6.097966E-03    6.672811E-03    7.352953E-03    8.264807E-03    9.105380E-03    1.054171E-02    1.231462E-02    1.427912E-02    1.790433E-02    2.313239E-02    2.863680E-02    3.560091E-02    4.790622E-02    6.340702E-02    8.790691E-02    1.295425E-01    1.541547E-01    1.236257E-01
  2.500758E-13    2.108149E-13    2.138000E-13    1.203062E-13    7.083991E-14    7.028832E-14    7.639876E-14    8.396037E-14    9.331593E-14    1.055494E-13    1.164463E-13    1.346193E-13    1.570540E-13    1.818908E-13    2.280485E-13    2.946387E-13    3.647486E-13    4.534508E-13    6.101841E-13    8.076190E-13    1.119676E-12    1.649351E-12    1.961329E-12    1.572754E-12
  3.833486E-02    1.827140E-02    1.532878E-02    1.641193E-02    1.331076E-02    8.543677E-03    5.067724E-03    2.433990E-03    1.126390E-03    4.571454E-04    2.100398E-04    7.413168E-05    2.882899E-05    3.088820E-05    1.235528E-05    2.059213E-06    0.000000E+00    0.000000E+00    0.000000E+00    0.000000E+00    2.059213E-06    0.000000E+00    0.000000E+00    0.000000E+00
  0.000000E+00    7.207257E-02    2.857773E-02    1.290779E-02    1.252558E-02    9.805344E-03    5.892300E-03    2.744388E-03    1.239699E-03    4.880649E-04    2.046036E-04    8.383065E-05    4.617790E-05    2.202331E-05    9.946009E-06    1.420858E-06    2.131288E-06    0.000000E+00    1.420858E-06    7.104292E-07    0.000000E+00    0.000000E+00    0.000000E+00    0.000000E+00
  0.000000E+00    0.000000E+00    9.398456E-02    2.756201E-02    1.295899E-02    7.906365E-03    4.575881E-03    2.212018E-03    9.592144E-04    4.040215E-04    1.592518E-04    7.036708E-05    3.232172E-05    1.447744E-05    7.407061E-06    3.703531E-06    3.366846E-07    2.020108E-06    3.366846E-07    0.000000E+00    0.000000E+00    0.000000E+00    0.000000E+00    0.000000E+00
  0.000000E+00    0.000000E+00    0.000000E+00    1.295377E-01    2.901713E-02    9.027658E-03    6.707854E-03    3.782408E-03    1.558956E-03    5.852315E-04    2.375575E-04    1.072687E-04    4.532815E-05    2.183345E-05    7.594244E-06    3.797122E-06    1.423921E-06    1.186601E-06    4.746403E-07    0.000000E+00    2.373201E-07    2.373201E-07    0.000000E+00    0.000000E+00
  0.000000E+00    0.000000E+00    0.000000E+00    0.000000E+00    1.692422E-01    2.861323E-02    1.217056E-03    1.295228E-03    1.022144E-03    5.711414E-04    2.432338E-04    1.108295E-04    6.324671E-05    6.280339E-05    1.921045E-05    7.684180E-06    2.955454E-06    8.866361E-07    2.955454E-07    0.000000E+00    4.433181E-07    0.000000E+00    0.000000E+00    0.000000E+00
  0.000000E+00    0.000000E+00    0.000000E+00    0.000000E+00    0.000000E+00    2.102930E-01    3.332401E-02    3.072447E-04    1.385727E-04    6.876539E-05    3.380386E-05    1.435506E-05    6.019865E-06    1.504966E-06    5.788332E-07    3.472999E-07    1.157666E-07    0.000000E+00    1.157666E-07    0.000000E+00    0.000000E+00    0.000000E+00    0.000000E+00    0.000000E+00
  0.000000E+00    0.000000E+00    0.000000E+00    0.000000E+00    0.000000E+00    0.000000E+00    2.464563E-01    3.247069E-02    4.989487E-04    9.233993E-05    1.116426E-05    4.277895E-06    3.651862E-06    2.086778E-06    1.147728E-06    3.130167E-07    0.000000E+00    0.000000E+00    0.000000E+00    0.000000E+00    0.000000E+00    0.000000E+00    0.000000E+00    0.000000E+00
  0.000000E+00    0.000000E+00    0.000000E+00    0.000000E+00    0.000000E+00    0.000000E+00    0.000000E+00    2.870736E-01    3.080481E-02    2.941409E-04    1.259191E-04    4.812616E-05    1.604205E-05    1.043832E-05    2.856804E-06    8.790166E-07    5.493854E-07    0.000000E+00    0.000000E+00    0.000000E+00    0.000000E+00    0.000000E+00    0.000000E+00    0.000000E+00
  0.000000E+00    0.000000E+00    0.000000E+00    0.000000E+00    0.000000E+00    0.000000E+00    0.000000E+00    0.000000E+00    3.185265E-01    2.816109E-02    9.795974E-04    4.734586E-05    2.020860E-05    8.083440E-06    3.117898E-06    1.154777E-06    2.309554E-07    4.619109E-07    0.000000E+00    0.000000E+00    0.000000E+00    1.154777E-07    0.000000E+00    0.000000E+00
  0.000000E+00    0.000000E+00    0.000000E+00    0.000000E+00    0.000000E+00    0.000000E+00    0.000000E+00    0.000000E+00    0.000000E+00    3.586254E-01    2.746046E-02    9.963081E-04    4.797855E-04    1.919417E-04    6.879631E-06    1.788704E-06    5.503705E-07    1.375926E-07    0.000000E+00    0.000000E+00    0.000000E+00    0.000000E+00    0.000000E+00    0.000000E+00
  0.000000E+00    0.000000E+00    0.000000E+00    0.000000E+00    0.000000E+00    0.000000E+00    0.000000E+00    0.000000E+00    0.000000E+00    0.000000E+00    3.923714E-01    2.786212E-02    5.400683E-06    8.641093E-06    8.047018E-05    4.248537E-05    1.656209E-05    8.101025E-06    2.520319E-06    1.800228E-07    1.800228E-07    0.000000E+00    0.000000E+00    0.000000E+00
  0.000000E+00    0.000000E+00    0.000000E+00    0.000000E+00    0.000000E+00    0.000000E+00    0.000000E+00    0.000000E+00    0.000000E+00    0.000000E+00    0.000000E+00    4.195801E-01    3.119910E-02    2.622277E-04    4.618404E-05    0.000000E+00    0.000000E+00    0.000000E+00    0.000000E+00    0.000000E+00    0.000000E+00    0.000000E+00    0.000000E+00    0.000000E+00
  0.000000E+00    0.000000E+00    0.000000E+00    0.000000E+00    0.000000E+00    0.000000E+00    0.000000E+00    0.000000E+00    0.000000E+00    0.000000E+00    0.000000E+00    0.000000E+00    5.050575E-01    3.256321E-02    1.546164E-05    3.092328E-05    1.085605E-05    1.644856E-06    9.869133E-07    9.869133E-07    1.315884E-06    0.000000E+00    0.000000E+00    0.000000E+00
  0.000000E+00    0.000000E+00    0.000000E+00    0.000000E+00    0.000000E+00    0.000000E+00    0.000000E+00    0.000000E+00    0.000000E+00    0.000000E+00    0.000000E+00    0.000000E+00    0.000000E+00    4.689832E-01    3.188035E-02    0.000000E+00    0.000000E+00    0.000000E+00    0.000000E+00    0.000000E+00    0.000000E+00    0.000000E+00    0.000000E+00    0.000000E+00
  0.000000E+00    0.000000E+00    0.000000E+00    0.000000E+00    0.000000E+00    0.000000E+00    0.000000E+00    0.000000E+00    0.000000E+00    0.000000E+00    0.000000E+00    0.000000E+00    0.000000E+00    0.000000E+00    5.111070E-01    3.423900E-02    0.000000E+00    0.000000E+00    0.000000E+00    0.000000E+00    0.000000E+00    0.000000E+00    0.000000E+00    0.000000E+00
  0.000000E+00    0.000000E+00    0.000000E+00    0.000000E+00    0.000000E+00    0.000000E+00    0.000000E+00    0.000000E+00    0.000000E+00    0.000000E+00    0.000000E+00    0.000000E+00    0.000000E+00    0.000000E+00    0.000000E+00    5.038775E-01    3.371589E-02    0.000000E+00    0.000000E+00    0.000000E+00    0.000000E+00    0.000000E+00    0.000000E+00    0.000000E+00
  0.000000E+00    0.000000E+00    0.000000E+00    0.000000E+00    0.000000E+00    0.000000E+00    0.000000E+00    0.000000E+00    0.000000E+00    0.000000E+00    0.000000E+00    0.000000E+00    0.000000E+00    0.000000E+00    0.000000E+00    0.000000E+00    5.436536E-01    3.496884E-02    0.000000E+00    0.000000E+00    0.000000E+00    0.000000E+00    0.000000E+00    0.000000E+00
  0.000000E+00    0.000000E+00    0.000000E+00    0.000000E+00    0.000000E+00    0.000000E+00    0.000000E+00    0.000000E+00    0.000000E+00    0.000000E+00    0.000000E+00    0.000000E+00    0.000000E+00    0.000000E+00    0.000000E+00    0.000000E+00    0.000000E+00    4.607613E-01    2.752011E-02    0.000000E+00    0.000000E+00    0.000000E+00    0.000000E+00    0.000000E+00
  0.000000E+00    0.000000E+00    0.000000E+00    0.000000E+00    0.000000E+00    0.000000E+00    0.000000E+00    0.000000E+00    0.000000E+00    0.000000E+00    0.000000E+00    0.000000E+00    0.000000E+00    0.000000E+00    0.000000E+00    0.000000E+00    0.000000E+00    0.000000E+00    5.107843E-01    2.850789E-02    0.000000E+00    0.000000E+00    0.000000E+00    0.000000E+00
  0.000000E+00    0.000000E+00    0.000000E+00    0.000000E+00    0.000000E+00    0.000000E+00    0.000000E+00    0.000000E+00    0.000000E+00    0.000000E+00    0.000000E+00    0.000000E+00    0.000000E+00    0.000000E+00    0.000000E+00    0.000000E+00    0.000000E+00    0.000000E+00    0.000000E+00    4.622825E-01    2.921142E-02    0.000000E+00    0.000000E+00    0.000000E+00
  0.000000E+00    0.000000E+00    0.000000E+00    0.000000E+00    0.000000E+00    0.000000E+00    0.000000E+00    0.000000E+00    0.000000E+00    0.000000E+00    0.000000E+00    0.000000E+00    0.000000E+00    0.000000E+00    0.000000E+00    0.000000E+00    0.000000E+00    0.000000E+00    0.000000E+00    0.000000E+00    5.432983E-01    1.192678E-02    0.000000E+00    0.000000E+00
  0.000000E+00    0.000000E+00    0.000000E+00    0.000000E+00    0.000000E+00    0.000000E+00    0.000000E+00    0.000000E+00    0.000000E+00    0.000000E+00    0.000000E+00    0.000000E+00    0.000000E+00    0.000000E+00    0.000000E+00    0.000000E+00    0.000000E+00    0.000000E+00    0.000000E+00    0.000000E+00    0.000000E+00    5.096896E-01    4.465837E-03    0.000000E+00
  0.000000E+00    0.000000E+00    0.000000E+00    0.000000E+00    0.000000E+00    0.000000E+00    0.000000E+00    0.000000E+00    0.000000E+00    0.000000E+00    0.000000E+00    0.000000E+00    0.000000E+00    0.000000E+00    0.000000E+00    0.000000E+00    0.000000E+00    0.000000E+00    0.000000E+00    0.000000E+00    0.000000E+00    0.000000E+00    4.589164E-01    6.872767E-03
  0.000000E+00    0.000000E+00    0.000000E+00    0.000000E+00    0.000000E+00    0.000000E+00    0.000000E+00    0.000000E+00    0.000000E+00    0.000000E+00    0.000000E+00    0.000000E+00    0.000000E+00    0.000000E+00    0.000000E+00    0.000000E+00    0.000000E+00    0.000000E+00    0.000000E+00    0.000000E+00    0.000000E+00    0.000000E+00    8.268467E-04    4.631546E-01
  token
  0.000000E+00    0.000000E+00    0.000000E+00    4.638766E-02    1.288654E-01    2.731912E-01    1.907193E-01    1.340176E-01    6.702018E-02    5.154823E-02    4.123874E-02    3.608218E-02    1.546548E-02    1.546401E-02    0.000000E+00    0.000000E+00    0.000000E+00    0.000000E+00    0.000000E+00    0.000000E+00    0.000000E+00    0.000000E+00    0.000000E+00    0.000000E+00
  0.000000E+00    0.000000E+00    0.000000E+00    8.113122E-02    1.710811E-01    2.971742E-01    2.151646E-01    8.112924E-02    7.318842E-02    3.439254E-02    1.411074E-02    1.499133E-02    8.818945E-03    5.290700E-03    8.818179E-04    0.000000E+00    8.816536E-04    8.817635E-04    8.817732E-04    0.000000E+00    0.000000E+00    0.000000E+00    0.000000E+00    0.000000E+00
  0.000000E+00    0.000000E+00    4.416566E-03    4.328744E-02    2.128925E-01    2.464655E-01    2.164313E-01    1.210281E-01    7.067348E-02    3.357035E-02    2.208223E-02    1.236842E-02    7.949329E-03    3.533878E-03    1.766810E-03    1.767024E-03    0.000000E+00    1.767028E-03    0.000000E+00    0.000000E+00    0.000000E+00    0.000000E+00    0.000000E+00    0.000000E+00
  0.000000E+00    3.107926E-04    1.708997E-02    1.081424E-01    1.991918E-01    2.442484E-01    1.852114E-01    1.168414E-01    5.935391E-02    2.921174E-02    2.019864E-02    6.525589E-03    6.215546E-03    3.418239E-03    1.864661E-03    9.323791E-04    9.323863E-04    0.000000E+00    0.000000E+00    0.000000E+00    3.107293E-04    0.000000E+00    0.000000E+00    0.000000E+00
  0.000000E+00    0.000000E+00    2.880867E-02    8.550068E-02    1.486999E-01    2.267658E-01    1.923709E-01    1.384773E-01    7.714004E-02    5.018892E-02    2.323621E-02    1.579970E-02    6.505600E-03    5.576791E-03    9.294631E-04    0.000000E+00    0.000000E+00    0.000000E+00    0.000000E+00    0.000000E+00    0.000000E+00    0.000000E+00    0.000000E+00    0.000000E+00
  0.000000E+00    2.732613E-03    3.551712E-02    7.649905E-02    1.885201E-01    2.295224E-01    1.721291E-01    1.038169E-01    7.378182E-02    5.191589E-02    3.004778E-02    2.185429E-02    5.465650E-03    5.464390E-03    2.732965E-03    0.000000E+00    0.000000E+00    0.000000E+00    0.000000E+00    0.000000E+00    0.000000E+00    0.000000E+00    0.000000E+00    0.000000E+00
  3.358473E+09    2.591418E+09    2.050242E+09    1.592987E+09    1.222675E+09    9.888536E+08    7.535429E+08    5.925774E+08    4.636744E+08    3.591631E+08    2.809813E+08    2.147244E+08    1.707294E+08    1.342891E+08    1.033758E+08    8.012802E+07    6.203647E+07    4.911671E+07    3.807218E+07    2.988062E+07    2.043946E+07    1.180460E+07    4.862284E+06    1.935381E+06
  2.032446E-04    1.187968E-03    1.185879E-03    3.371221E-03    1.127229E-03    3.834197E-04
  1.276225E-02    3.113587E-02    1.079729E-01    3.276362E-01    1.368163E+00    8.767628E+00
