  0.000000E+00    0.000000E+00    0.000000E+00    0.000000E+00    0.000000E+00    0.000000E+00    0.000000E+00    0.000000E+00    0.000000E+00    0.000000E+00    0.000000E+00    0.000000E+00    0.000000E+00    0.000000E+00    0.000000E+00    0.000000E+00    0.000000E+00    0.000000E+00    0.000000E+00    0.000000E+00    0.000000E+00    0.000000E+00    0.000000E+00    0.000000E+00
  1.289075E-01    1.394659E-01    1.520585E-01    1.556452E-01    1.666905E-01    1.916824E-01    1.978894E-01    2.592731E-01    2.728636E-01    3.149180E-01    3.915097E-01    3.795727E-01    4.486735E-01    5.832971E-01    6.011923E-01    5.991669E-01    5.510892E-01    6.449585E-01    5.765445E-01    5.365682E-01    7.917284E-01    5.849939E-01    1.100787E+00    4.971537E-01
  0.000000E+00    0.000000E+00    0.000000E+00    0.000000E+00    0.000000E+00    0.000000E+00    0.000000E+00    0.000000E+00    0.000000E+00    0.000000E+00    0.000000E+00    0.000000E+00    0.000000E+00    0.000000E+00    0.000000E+00    0.000000E+00    0.000000E+00    0.000000E+00    0.000000E+00    0.000000E+00    0.000000E+00    0.000000E+00    0.000000E+00    0.000000E+00
  0.000000E+00    0.000000E+00    0.000000E+00    0.000000E+00    0.000000E+00    0.000000E+00    0.000000E+00    0.000000E+00    0.000000E+00    0.000000E+00    0.000000E+00    0.000000E+00    0.000000E+00    0.000000E+00    0.000000E+00    0.000000E+00    0.000000E+00    0.000000E+00    0.000000E+00    0.000000E+00    0.000000E+00    0.000000E+00    0.000000E+00    0.000000E+00
  3.234101E-02    1.305637E-02    1.842112E-02    2.152362E-02    1.564179E-02    1.163439E-02    5.429382E-03    3.942766E-03    2.132972E-03    1.551252E-03    5.170840E-04    1.939065E-04    1.292710E-04    2.585420E-04    0.000000E+00    1.939065E-04    0.000000E+00    0.000000E+00    0.000000E+00    0.000000E+00    0.000000E+00    0.000000E+00    0.000000E+00    0.000000E+00
  0.000000E+00    4.683362E-02    2.790037E-02    1.636351E-02    1.789391E-02    1.269447E-02    6.298185E-03    3.629795E-03    1.981672E-03    1.314574E-03    6.670975E-04    5.101334E-04    2.550667E-04    1.765846E-04    1.177231E-04    7.848206E-05    0.000000E+00    1.962051E-05    1.962051E-05    1.962051E-05    0.000000E+00    0.000000E+00    0.000000E+00    0.000000E+00
  0.000000E+00    0.000000E+00    6.956081E-02    3.311231E-02    2.158471E-02    1.197400E-02    5.976496E-03    3.035514E-03    1.864373E-03    1.123875E-03    5.619376E-04    3.466157E-04    2.468324E-04    1.785596E-04    1.102868E-04    4.201403E-05    2.100701E-05    5.251754E-06    1.050351E-05    1.050351E-05    5.251754E-06    0.000000E+00    0.000000E+00    0.000000E+00
  0.000000E+00    0.000000E+00    0.000000E+00    9.583060E-02    2.997521E-02    9.682216E-03    9.849453E-03    5.713129E-03    2.008435E-03    1.048017E-03    4.443722E-04    1.656441E-04    7.485839E-05    4.459649E-05    3.185463E-05    9.556390E-06    1.114912E-05    1.592732E-06    1.592732E-06    1.592732E-06    0.000000E+00    1.592732E-06    1.592732E-06    0.000000E+00
  0.000000E+00    0.000000E+00    0.000000E+00    0.000000E+00    1.290128E-01    3.106373E-02    2.354308E-03    9.923558E-04    1.085823E-03    6.179524E-04    2.585039E-04    1.415362E-04    1.020129E-04    9.506961E-05    2.937544E-05    1.228427E-05    4.806890E-06    1.602297E-06    1.068198E-06    0.000000E+00    0.000000E+00    5.340989E-07    0.000000E+00    0.000000E+00
  0.000000E+00    0.000000E+00    0.000000E+00    0.000000E+00    0.000000E+00    1.629145E-01    2.487915E-02    1.416375E-03    3.933979E-04    1.033885E-04    3.865211E-05    1.375351E-05    5.216849E-06    2.134166E-06    4.742590E-07    4.742590E-07    0.000000E+00    2.371295E-07    0.000000E+00    0.000000E+00    0.000000E+00    0.000000E+00    0.000000E+00    0.000000E+00
  0.000000E+00    0.000000E+00    0.000000E+00    0.000000E+00    0.000000E+00    0.000000E+00    1.730397E-01    2.021713E-02    2.680515E-03    3.310830E-04    1.440628E-04    4.148746E-05    1.666032E-05    9.473514E-06    4.410084E-06    8.166823E-07    6.533458E-07    3.266729E-07    1.633365E-07    0.000000E+00    1.633365E-07    0.000000E+00    0.000000E+00    0.000000E+00
  0.000000E+00    0.000000E+00    0.000000E+00    0.000000E+00    0.000000E+00    0.000000E+00    0.000000E+00    2.356602E-01    1.689112E-02    3.080833E-03    1.072664E-03    1.661751E-04    1.670543E-05    5.451245E-06    3.516933E-06    3.516933E-07    3.516933E-07    0.000000E+00    0.000000E+00    0.000000E+00    0.000000E+00    0.000000E+00    0.000000E+00    0.000000E+00
  0.000000E+00    0.000000E+00    0.000000E+00    0.000000E+00    0.000000E+00    0.000000E+00    0.000000E+00    0.000000E+00    2.547771E-01    1.283112E-02    6.825399E-04    3.756673E-04    2.245592E-04    9.628259E-05    2.853930E-05    1.351862E-05    4.055585E-06    1.051448E-06    6.008274E-07    4.506205E-07    1.502068E-07    0.000000E+00    0.000000E+00    0.000000E+00
  0.000000E+00    0.000000E+00    0.000000E+00    0.000000E+00    0.000000E+00    0.000000E+00    0.000000E+00    0.000000E+00    0.000000E+00    2.957331E-01    1.333633E-02    8.413915E-04    4.512357E-04    2.997372E-04    9.282072E-05    0.000000E+00    0.000000E+00    0.000000E+00    0.000000E+00    0.000000E+00    0.000000E+00    0.000000E+00    0.000000E+00    0.000000E+00
  0.000000E+00    0.000000E+00    0.000000E+00    0.000000E+00    0.000000E+00    0.000000E+00    0.000000E+00    0.000000E+00    0.000000E+00    0.000000E+00    3.689899E-01    1.766258E-02    9.918686E-06    0.000000E+00    4.061938E-05    8.667042E-05    5.266350E-05    1.535035E-05    7.320935E-06    4.487024E-06    4.723184E-07    2.361592E-07    0.000000E+00    0.000000E+00
  0.000000E+00    0.000000E+00    0.000000E+00    0.000000E+00    0.000000E+00    0.000000E+00    0.000000E+00    0.000000E+00    0.000000E+00    0.000000E+00    0.000000E+00    3.596888E-01    1.300664E-02    6.275446E-04    1.110254E-04    0.000000E+00    0.000000E+00    0.000000E+00    0.000000E+00    0.000000E+00    0.000000E+00    0.000000E+00    0.000000E+00    0.000000E+00
  0.000000E+00    0.000000E+00    0.000000E+00    0.000000E+00    0.000000E+00    0.000000E+00    0.000000E+00    0.000000E+00    0.000000E+00    0.000000E+00    0.000000E+00    0.000000E+00    4.235076E-01    1.755583E-02    3.439255E-05    7.464747E-05    2.032287E-05    6.644015E-06    1.954122E-06    2.735771E-06    7.816489E-07    0.000000E+00    0.000000E+00    0.000000E+00
  0.000000E+00    0.000000E+00    0.000000E+00    0.000000E+00    0.000000E+00    0.000000E+00    0.000000E+00    0.000000E+00    0.000000E+00    0.000000E+00    0.000000E+00    0.000000E+00    0.000000E+00    5.475401E-01    2.690970E-02    0.000000E+00    0.000000E+00    0.000000E+00    0.000000E+00    0.000000E+00    0.000000E+00    0.000000E+00    0.000000E+00    0.000000E+00
  0.000000E+00    0.000000E+00    0.000000E+00    0.000000E+00    0.000000E+00    0.000000E+00    0.000000E+00    0.000000E+00    0.000000E+00    0.000000E+00    0.000000E+00    0.000000E+00    0.000000E+00    0.000000E+00    5.651800E-01    2.390882E-02    0.000000E+00    0.000000E+00    0.000000E+00    0.000000E+00    0.000000E+00    0.000000E+00    0.000000E+00    0.000000E+00
  0.000000E+00    0.000000E+00    0.000000E+00    0.000000E+00    0.000000E+00    0.000000E+00    0.000000E+00    0.000000E+00    0.000000E+00    0.000000E+00    0.000000E+00    0.000000E+00    0.000000E+00    0.000000E+00    0.000000E+00    5.582793E-01    2.402107E-02    0.000000E+00    0.000000E+00    0.000000E+00    0.000000E+00    0.000000E+00    0.000000E+00    0.000000E+00
  0.000000E+00    0.000000E+00    0.000000E+00    0.000000E+00    0.000000E+00    0.000000E+00    0.000000E+00    0.000000E+00    0.000000E+00    0.000000E+00    0.000000E+00    0.000000E+00    0.000000E+00    0.000000E+00    0.000000E+00    0.000000E+00    5.052783E-01    2.420961E-02    0.000000E+00    0.000000E+00    0.000000E+00    0.000000E+00    0.000000E+00    0.000000E+00
  0.000000E+00    0.000000E+00    0.000000E+00    0.000000E+00    0.000000E+00    0.000000E+00    0.000000E+00    0.000000E+00    0.000000E+00    0.000000E+00    0.000000E+00    0.000000E+00    0.000000E+00    0.000000E+00    0.000000E+00    0.000000E+00    0.000000E+00    5.883662E-01    2.177027E-02    0.000000E+00    0.000000E+00    0.000000E+00    0.000000E+00    0.000000E+00
  0.000000E+00    0.000000E+00    0.000000E+00    0.000000E+00    0.000000E+00    0.000000E+00    0.000000E+00    0.000000E+00    0.000000E+00    0.000000E+00    0.000000E+00    0.000000E+00    0.000000E+00    0.000000E+00    0.000000E+00    0.000000E+00    0.000000E+00    0.000000E+00    5.189418E-01    2.263841E-02    0.000000E+00    0.000000E+00    0.000000E+00    0.000000E+00
  0.000000E+00    0.000000E+00    0.000000E+00    0.000000E+00    0.000000E+00    0.000000E+00    0.000000E+00    0.000000E+00    0.000000E+00    0.000000E+00    0.000000E+00    0.000000E+00    0.000000E+00    0.000000E+00    0.000000E+00    0.000000E+00    0.000000E+00    0.000000E+00    0.000000E+00    4.850430E-01    1.853388E-02    0.000000E+00    0.000000E+00    0.000000E+00
  0.000000E+00    0.000000E+00    0.000000E+00    0.000000E+00    0.000000E+00    0.000000E+00    0.000000E+00    0.000000E+00    0.000000E+00    0.000000E+00    0.000000E+00    0.000000E+00    0.000000E+00    0.000000E+00    0.000000E+00    0.000000E+00    0.000000E+00    0.000000E+00    0.000000E+00    0.000000E+00    7.192624E-01    9.255776E-03    0.000000E+00    0.000000E+00
  0.000000E+00    0.000000E+00    0.000000E+00    0.000000E+00    0.000000E+00    0.000000E+00    0.000000E+00    0.000000E+00    0.000000E+00    0.000000E+00    0.000000E+00    0.000000E+00    0.000000E+00    0.000000E+00    0.000000E+00    0.000000E+00    0.000000E+00    0.000000E+00    0.000000E+00    0.000000E+00    0.000000E+00    5.409612E-01    4.458206E-03    0.000000E+00
  0.000000E+00    0.000000E+00    0.000000E+00    0.000000E+00    0.000000E+00    0.000000E+00    0.000000E+00    0.000000E+00    0.000000E+00    0.000000E+00    0.000000E+00    0.000000E+00    0.000000E+00    0.000000E+00    0.000000E+00    0.000000E+00    0.000000E+00    0.000000E+00    0.000000E+00    0.000000E+00    0.000000E+00    0.000000E+00    8.685597E-01    2.993084E-04
  0.000000E+00    0.000000E+00    0.000000E+00    0.000000E+00    0.000000E+00    0.000000E+00    0.000000E+00    0.000000E+00    0.000000E+00    0.000000E+00    0.000000E+00    0.000000E+00    0.000000E+00    0.000000E+00    0.000000E+00    0.000000E+00    0.000000E+00    0.000000E+00    0.000000E+00    0.000000E+00    0.000000E+00    0.000000E+00    6.394497E-05    4.100137E-01
  token
  0.000000E+00    0.000000E+00    0.000000E+00    0.000000E+00    0.000000E+00    0.000000E+00    0.000000E+00    0.000000E+00    0.000000E+00    0.000000E+00    0.000000E+00    0.000000E+00    0.000000E+00    0.000000E+00    0.000000E+00    0.000000E+00    0.000000E+00    0.000000E+00    0.000000E+00    0.000000E+00    0.000000E+00    0.000000E+00    0.000000E+00    0.000000E+00
  0.000000E+00    0.000000E+00    0.000000E+00    0.000000E+00    0.000000E+00    0.000000E+00    0.000000E+00    0.000000E+00    0.000000E+00    0.000000E+00    0.000000E+00    0.000000E+00    0.000000E+00    0.000000E+00    0.000000E+00    0.000000E+00    0.000000E+00    0.000000E+00    0.000000E+00    0.000000E+00    0.000000E+00    0.000000E+00    0.000000E+00    0.000000E+00
  0.000000E+00    0.000000E+00    0.000000E+00    0.000000E+00    0.000000E+00    0.000000E+00    0.000000E+00    0.000000E+00    0.000000E+00    0.000000E+00    0.000000E+00    0.000000E+00    0.000000E+00    0.000000E+00    0.000000E+00    0.000000E+00    0.000000E+00    0.000000E+00    0.000000E+00    0.000000E+00    0.000000E+00    0.000000E+00    0.000000E+00    0.000000E+00
  0.000000E+00    0.000000E+00    0.000000E+00    0.000000E+00    0.000000E+00    0.000000E+00    0.000000E+00    0.000000E+00    0.000000E+00    0.000000E+00    0.000000E+00    0.000000E+00    0.000000E+00    0.000000E+00    0.000000E+00    0.000000E+00    0.000000E+00    0.000000E+00    0.000000E+00    0.000000E+00    0.000000E+00    0.000000E+00    0.000000E+00    0.000000E+00
  0.000000E+00    0.000000E+00    0.000000E+00    0.000000E+00    0.000000E+00    0.000000E+00    0.000000E+00    0.000000E+00    0.000000E+00    0.000000E+00    0.000000E+00    0.000000E+00    0.000000E+00    0.000000E+00    0.000000E+00    0.000000E+00    0.000000E+00    0.000000E+00    0.000000E+00    0.000000E+00    0.000000E+00    0.000000E+00    0.000000E+00    0.000000E+00
  0.000000E+00    0.000000E+00    0.000000E+00    0.000000E+00    0.000000E+00    0.000000E+00    0.000000E+00    0.000000E+00    0.000000E+00    0.000000E+00    0.000000E+00    0.000000E+00    0.000000E+00    0.000000E+00    0.000000E+00    0.000000E+00    0.000000E+00    0.000000E+00    0.000000E+00    0.000000E+00    0.000000E+00    0.000000E+00    0.000000E+00    0.000000E+00
  3.380389E+09    2.577713E+09    2.018779E+09    1.559080E+09    1.219121E+09    9.777704E+08    7.554617E+08    5.904099E+08    4.661706E+08    3.591857E+08    2.817863E+08    2.120453E+08    1.714610E+08    1.349254E+08    1.029268E+08    7.975497E+07    6.205769E+07    4.920349E+07    3.810001E+07    2.970832E+07    2.033063E+07    1.137826E+07    4.480486E+06    1.662645E+06
  0.000000E+00    0.000000E+00    0.000000E+00    0.000000E+00    0.000000E+00    0.000000E+00
  0.000000E+00    0.000000E+00    0.000000E+00    0.000000E+00    0.000000E+00    0.000000E+00
