   599.3990       600.0014       600.5919       601.1694       601.7327    
   602.2809       602.8124       603.3268       603.8232       604.3007    
   595.8803       596.4852       597.0786       597.6594       598.2265    
   598.7789       599.3150       599.8344       600.3361       600.8193    
   588.8358       589.4442       590.0418       590.6274       591.1999    
   591.7583       592.3012       592.8279       593.3374       593.8289    
   578.2643       578.8772       579.4802       580.0718       580.6512    
   581.2174       581.7689       582.3049       582.8244       583.3268    
   564.1648       564.7830       565.3921       565.9909       566.5785    
   567.1539       567.7155       568.2627       568.7943       569.3097    
   545.4850       546.1091       546.7255       547.3326       547.9297    
   548.5159       549.0895       549.6498       550.1959       550.7267    
   525.8843       526.5161       527.1414       527.7590       528.3684    
   528.9682       529.5573       530.1347       530.6992       531.2503    
   506.4097       507.0499       507.6852       508.3147       508.9376    
   509.5530       510.1596       510.7565       511.3424       511.9167    
   496.4161       497.0612       497.7024       498.3389       498.9702    
   499.5949       500.2124       500.8214       501.4207       502.0098    
   495.7996       496.4454       497.0877       497.7256       498.3585    
   498.9852       499.6050       500.2168       500.8193       501.4119    
   495.2018       495.8489       496.4928       497.1328       497.7683    
   498.3983       499.0219       499.6382       500.2459       500.8444    
   493.6521       494.3027       494.9514       495.5975       496.2404    
   496.8795       497.5140       498.1432       498.7659       499.3815    
