   500.2516       501.1542       501.8674       502.3711       502.7734    
   503.1171       503.4178       503.6833       503.9198       504.1311    
   504.3213       504.4938       504.6516       504.5132       503.9921    
   503.2885       502.5388       501.8085       501.1225       500.4868    
   499.9006       499.3601       498.8621       498.4030       497.9801    
   497.5905       497.2311       496.8999       496.5945       496.3130    
   496.0535       495.8142       495.5932       495.3901       495.2026    
   495.0299       494.8706       494.7238       494.5887       494.4637    
   494.3489       494.2429       494.1451       494.0552       493.9730    
   493.8969       493.8265       493.7615       493.7020       493.6467    
   493.5959       493.5495       493.5066       493.4669       493.4304    
   493.3970       493.3659       493.3375       493.3119       493.2878    
   493.2657       493.2449       493.2267       493.2094       493.1930    
   493.1777       493.1643       493.1523       493.1406       493.1301    
   493.1202       493.1112       493.1027       493.0951       493.0879    
   493.0818       493.0757       493.0702       493.0653       493.0604    
   493.0563       493.0519       493.0489       493.0453       493.0423    
   493.0392       493.0367       493.0342       493.0321       493.0304    
   493.0286       493.0265       493.0252       493.0239       493.0226    
   493.0214       493.0202       493.0193       493.0183       493.0172    
   493.0163       493.0153       493.0146       493.0142       493.0139    
   493.0133       493.0129       493.0124       493.0120       493.0114    
   493.0111       493.0107       493.0105       493.0102       493.0097    
   493.0096       493.0094       493.0089       493.0085       493.0085    
   493.0084       493.0083       493.0082       493.0082       493.0079    
   493.0077       493.0075       493.0074       493.0072       493.0072    
   493.0072       493.0072       493.0072       493.0072       493.0072    
   493.0072       493.0072       493.0072       493.0072       493.0072    
   493.0071       493.0071       493.0071       493.0069       493.0069    
   493.0069       493.0069       493.0069       493.0069       493.0069    
