   1.692308       1.466667       1.294118       1.157895       1.047619    
  0.9565217      0.8800000      0.8148148      0.7586207      0.7096774    
  0.6666667      0.6285714      0.5945946      0.6000000      0.6000000    
  0.6000000      0.6000000      0.6000000      0.6000000      0.6000000    
  0.6000000      0.6000000      0.6000000      0.6000000      0.6000000    
  0.6000000      0.6000000      0.6000000      0.6000000      0.6000000    
  0.6000000      0.6000000      0.6000000      0.6000000      0.6000000    
  0.6000000      0.6000000      0.6000000      0.6000000      0.6000000    
  0.6000000      0.6000000      0.6000000      0.6000000      0.6000000    
  0.6000000      0.6000000      0.6000000      0.6000000      0.6000000    
  0.6000000      0.6000000      0.6000000      0.6000000      0.6000000    
  0.6000000      0.6000000      0.6000000      0.6000000      0.6000000    
  0.6000000      0.6000000      0.6000000      0.6000000      0.6000000    
  0.6000000      0.6000000      0.6000000      0.6000000      0.6000000    
  0.6000000      0.6000000      0.6000000      0.6000000      0.6000000    
  0.6000000      0.6000000      0.6000000      0.6000000      0.6000000    
  0.6000000      0.6000000      0.6000000      0.6000000      0.6000000    
  0.6000000      0.6000000      0.6000000      0.6000000      0.6000000    
  0.6000000      0.6000000      0.6000000      0.6000000      0.6000000    
  0.6000000      0.6000000      0.6000000      0.6000000      0.6000000    
  0.6000000      0.6000000      0.6000000      0.6000000      0.6000000    
  0.6000000      0.6000000      0.6000000      0.6000000      0.6000000    
  0.6000000      0.6000000      0.6000000      0.6000000      0.6000000    
  0.6000000      0.6000000      0.6000000      0.6000000      0.6000000    
  0.6000000      0.6000000      0.6000000      0.6000000      0.6000000    
  0.6000000      0.6000000      0.6000000      0.6000000      0.6000000    
  0.6000000      0.6000000      0.6000000      0.6000000      0.6000000    
  0.6000000      0.6000000      0.6000000      0.6000000      0.6000000    
  0.6000000      0.6000000      0.6000000      0.6000000      0.6000000    
  0.6000000      0.6000000      0.6000000      0.6000000      0.6000000    
